0.043987 1314 6 1 12 255 255 255 160 0 0
0.045986 1315 6 2 12 0 0 0 13 0 0
0.046987 1316 6 3 12 255 255 255 243 0 0
0.060986 1313 6 0 12 0 0 0 0 0 0
0.141985 1314 6 1 13 255 255 255 218 0 0
0.142986 1315 6 2 13 255 255 255 239 0 0
0.143986 1316 6 3 13 0 0 0 0 0 0
0.159986 1313 6 0 13 0 0 0 0 0 0
0.239987 1314 6 1 14 255 255 255 223 0 0
0.240987 1315 6 2 14 255 255 255 220 0 0
0.242986 1316 6 3 14 255 255 255 239 0 0
0.257986 1313 6 0 14 0 0 0 1 0 0
0.337986 1314 6 1 15 255 255 255 203 0 0
0.339986 1315 6 2 15 255 255 255 230 0 0
0.340987 1316 6 3 15 255 255 255 240 0 0
0.355985 1313 6 0 15 0 0 0 0 0 0
0.436986 1314 6 1 0 255 255 255 188 0 0
0.437986 1315 6 2 0 255 255 255 213 0 0
0.438986 1316 6 3 0 255 255 255 235 0 0
0.454986 1313 6 0 0 0 0 0 0 0 0
0.534986 1314 6 1 1 255 255 255 233 0 0
0.535986 1315 6 2 1 255 255 255 243 0 0
0.53699 1316 6 3 1 255 255 255 248 0 0
0.554987 1313 6 0 1 0 0 0 1 0 0
0.633986 1314 6 1 2 255 255 255 213 0 0
0.634986 1315 6 2 2 255 255 255 231 0 0
0.63601 1316 6 3 2 255 255 255 225 0 0
0.651986 1313 6 0 2 0 0 0 0 0 0
0.731986 1314 6 1 3 255 255 255 230 0 0
0.732986 1315 6 2 3 255 255 255 230 0 0
0.733987 1316 6 3 3 255 255 255 214 0 0
0.750986 1313 6 0 3 0 0 0 0 0 0
0.830986 1314 6 1 4 255 255 255 180 0 0
0.831987 1315 6 2 4 255 255 255 193 0 0
0.833986 1316 6 3 4 255 255 255 223 0 0
0.849987 1313 6 0 4 0 0 0 1 0 0
0.928986 1314 6 1 5 255 255 255 243 0 0
0.929986 1315 6 2 5 255 255 255 249 0 0
0.930986 1316 6 3 5 255 255 255 200 0 0
0.948986 1313 6 0 5 0 0 0 0 0 0
1.027985 1314 6 1 6 255 255 255 225 0 0
1.028986 1315 6 2 6 255 255 255 238 0 0
1.029988 1316 6 3 6 255 255 255 253 0 0
1.045986 1313 6 0 6 0 0 0 0 0 0
1.126986 1314 6 1 7 0 0 0 42 0 0
1.127986 1315 6 2 7 0 0 0 60 0 0
1.129986 1316 6 3 7 255 255 254 139 0 0
1.144987 1313 6 0 7 0 0 0 1 0 0
1.224494 1314 6 1 8 255 255 255 255 0 0
1.225496 1315 6 2 8 0 0 0 20 0 0
1.227494 1316 6 3 8 255 255 255 107 0 0
1.243494 1313 6 0 8 0 0 0 0 0 0
1.323494 1314 6 1 9 255 255 255 250 0 0
1.324494 1315 6 2 9 0 0 0 8 0 0
1.325494 1316 6 3 9 255 255 255 229 0 0
1.341495 1313 6 0 9 0 0 0 0 0 0
1.422494 1314 6 1 10 0 0 0 3 0 0
1.423495 1315 6 2 10 0 0 0 1 0 0
1.425495 1316 6 3 10 255 255 255 191 0 0
1.441494 1313 6 0 10 0 0 0 1 0 0
1.521494 1314 6 1 11 255 255 255 229 0 0
1.523494 1315 6 2 11 0 0 0 18 0 0
1.524495 1316 6 3 11 255 255 255 226 0 0
1.539494 1313 6 0 11 0 0 0 1 0 0
1.619494 1314 6 1 12 255 255 255 249 0 0
1.620494 1315 6 2 12 0 0 0 22 0 0
1.621494 1316 6 3 12 255 255 255 253 0 0
1.638494 1313 6 0 12 0 0 0 0 0 0
1.717495 1314 6 1 13 0 0 0 3 0 0
1.719494 1315 6 2 13 255 255 255 224 0 0
1.721494 1316 6 3 13 255 255 255 190 0 0
1.736494 1313 6 0 13 0 0 0 1 0 0
1.816494 1314 6 1 14 255 255 255 249 0 0
1.817495 1315 6 2 14 255 255 255 248 0 0
1.818496 1316 6 3 14 255 255 255 213 0 0
1.834494 1313 6 0 14 0 0 0 0 0 0
1.914494 1314 6 1 15 255 255 255 234 0 0
1.915495 1315 6 2 15 255 255 255 251 0 0
1.916495 1316 6 3 15 255 255 255 234 0 0
1.932494 1313 6 0 15 0 0 0 0 0 0
2.013494 1314 6 1 0 255 255 255 216 0 0
2.015494 1315 6 2 0 0 0 0 16 0 0
2.017494 1316 6 3 0 255 255 255 226 0 0
2.031494 1313 6 0 0 0 0 0 0 0 0
2.111494 1314 6 1 1 255 255 255 231 0 0
2.112494 1315 6 2 1 0 0 0 22 0 0
2.113495 1316 6 3 1 0 0 0 12 0 0
2.129494 1313 6 0 1 0 0 0 0 0 0
2.211495 1314 6 1 2 255 255 255 221 0 0
2.213494 1315 6 2 2 0 0 0 15 0 0
2.214494 1316 6 3 2 255 255 255 253 0 0
2.228494 1313 6 0 2 0 0 0 0 0 0
2.309494 1314 6 1 3 255 255 255 209 0 0
2.310494 1315 6 2 3 0 0 0 0 0 0
2.312494 1316 6 3 3 255 255 255 228 0 0
2.327494 1313 6 0 3 0 0 0 1 0 0
2.407494 1314 6 1 4 0 0 0 0 0 0
2.408494 1315 6 2 4 0 0 0 27 0 0
2.410494 1316 6 3 4 255 255 255 246 0 0
2.426494 1313 6 0 4 0 0 0 0 0 0
2.506494 1314 6 1 5 255 255 255 243 0 0
2.507494 1315 6 2 5 255 255 255 229 0 0
2.508494 1316 6 3 5 255 255 255 233 0 0
2.524014 1313 6 0 5 0 0 0 1 0 0
2.605014 1314 6 1 6 255 255 255 224 0 0
2.606014 1315 6 2 6 0 0 0 1 0 0
2.607014 1316 6 3 6 255 255 255 203 0 0
2.623014 1313 6 0 6 0 0 0 0 0 0
2.702014 1314 6 1 7 255 255 255 155 0 0
2.703015 1315 6 2 7 255 255 255 166 0 0
2.704015 1316 6 3 7 0 0 2 251 0 0
2.721015 1313 6 0 7 0 0 0 0 0 0
2.800522 1314 6 1 8 255 255 255 173 0 0
2.802522 1315 6 2 8 255 255 255 243 0 0
2.803522 1316 6 3 8 0 0 0 122 0 0
2.820523 1313 6 0 8 0 0 0 0 0 0
2.899522 1314 6 1 9 255 255 255 189 0 0
2.900522 1315 6 2 9 255 255 255 221 0 0
2.902522 1316 6 3 9 0 0 0 6 0 0
2.918522 1313 6 0 9 0 0 0 1 0 0
2.998522 1314 6 1 10 255 255 255 206 0 0
2.999522 1315 6 2 10 255 255 255 244 0 0
3.000522 1316 6 3 10 255 255 255 225 0 0
3.016521 1313 6 0 10 0 0 0 0 0 0
3.096522 1314 6 1 11 255 255 255 194 0 0
3.098521 1315 6 2 11 255 255 255 246 0 0
3.099522 1316 6 3 11 255 255 255 253 0 0
3.114522 1313 6 0 11 0 0 0 0 0 0
3.195522 1314 6 1 12 255 255 255 194 0 0
3.197522 1315 6 2 12 255 255 255 239 0 0
3.199522 1316 6 3 12 0 0 0 0 0 0
3.213522 1313 6 0 12 0 0 0 0 0 0
3.293522 1314 6 1 13 255 255 255 210 0 0
3.294523 1315 6 2 13 255 255 255 218 0 0
3.296521 1316 6 3 13 0 0 0 2 0 0
3.312521 1313 6 0 13 0 0 0 2 0 0
3.393522 1314 6 1 14 255 255 255 179 0 0
3.394522 1315 6 2 14 255 255 255 221 0 0
3.396522 1316 6 3 14 255 255 255 245 0 0
3.411522 1313 6 0 14 255 255 255 255 0 0
3.491521 1314 6 1 15 255 255 255 205 0 0
3.492522 1315 6 2 15 255 255 255 221 0 0
3.494521 1316 6 3 15 0 0 0 0 0 0
3.509522 1313 6 0 15 0 0 0 0 0 0
3.589522 1314 6 1 0 255 255 255 193 0 0
3.590524 1315 6 2 0 255 255 255 240 0 0
3.592522 1316 6 3 0 255 255 255 234 0 0
3.608522 1313 6 0 0 0 0 0 0 0 0
3.687522 1314 6 1 1 255 255 255 210 0 0
3.689522 1315 6 2 1 255 255 255 216 0 0
3.691522 1316 6 3 1 255 255 255 243 0 0
3.705522 1313 6 0 1 0 0 0 0 0 0
3.786521 1314 6 1 2 255 255 255 223 0 0
3.787522 1315 6 2 2 0 0 0 0 0 0
3.789522 1316 6 3 2 0 0 0 7 0 0
3.804521 1313 6 0 2 255 255 255 255 0 0
3.885042 1314 6 1 3 255 255 255 236 0 0
3.886043 1315 6 2 3 255 255 255 249 0 0
3.88804 1316 6 3 3 255 255 255 209 0 0
3.903041 1313 6 0 3 0 0 0 0 0 0
3.98304 1314 6 1 4 255 255 255 209 0 0
3.98404 1315 6 2 4 255 255 255 238 0 0
3.98604 1316 6 3 4 255 255 255 245 0 0
4.001041 1313 6 0 4 0 0 0 0 0 0
4.08304 1314 6 1 5 255 255 255 229 0 0
4.08404 1315 6 2 5 255 255 255 238 0 0
4.085042 1316 6 3 5 255 255 255 255 0 0
4.100041 1313 6 0 5 0 0 0 1 0 0
4.18004 1314 6 1 6 255 255 255 248 0 0
4.181042 1315 6 2 6 255 255 255 223 0 0
4.183041 1316 6 3 6 255 255 255 225 0 0
4.199041 1313 6 0 6 0 0 0 1 0 0
4.27904 1314 6 1 7 0 0 0 40 0 0
4.280041 1315 6 2 7 0 0 0 62 0 0
4.28204 1316 6 3 7 255 255 254 151 0 0
4.297041 1313 6 0 7 0 0 0 1 0 0
4.377041 1314 6 1 8 255 255 255 228 0 0
4.37904 1315 6 2 8 0 0 0 80 0 0
4.380041 1316 6 3 8 255 255 255 91 0 0
4.39604 1313 6 0 8 0 0 0 0 0 0
4.47604 1314 6 1 9 255 255 255 238 0 0
4.477041 1315 6 2 9 0 0 0 41 0 0
4.47904 1316 6 3 9 255 255 255 243 0 0
4.494041 1313 6 0 9 0 0 0 0 0 0
4.57504 1314 6 1 10 255 255 255 205 0 0
4.576041 1315 6 2 10 0 0 0 5 0 0
4.57804 1316 6 3 10 255 255 255 204 0 0
4.59304 1313 6 0 10 0 0 0 0 0 0
4.673041 1314 6 1 11 255 255 255 225 0 0
4.675041 1315 6 2 11 0 0 0 21 0 0
4.676041 1316 6 3 11 255 255 255 221 0 0
4.692041 1313 6 0 11 0 0 0 1 0 0
4.77104 1314 6 1 12 255 255 255 240 0 0
4.772041 1315 6 2 12 255 255 255 238 0 0
4.77404 1316 6 3 12 255 255 255 210 0 0
4.789041 1313 6 0 12 0 0 0 1 0 0
4.87104 1314 6 1 13 255 255 255 216 0 0
4.87204 1315 6 2 13 0 0 0 7 0 0
4.873041 1316 6 3 13 255 255 255 241 0 0
4.88804 1313 6 0 13 0 0 0 1 0 0
4.96804 1314 6 1 14 0 0 0 17 0 0
4.96904 1315 6 2 14 0 0 0 1 0 0
4.97004 1316 6 3 14 255 255 255 239 0 0
4.98704 1313 6 0 14 0 0 0 0 0 0
5.068041 1314 6 1 15 255 255 255 205 0 0
5.069042 1315 6 2 15 0 0 0 11 0 0
5.07104 1316 6 3 15 255 255 255 230 0 0
5.085041 1313 6 0 15 0 0 0 2 0 0
5.16504 1314 6 1 0 255 255 255 213 0 0
5.16604 1315 6 2 0 255 255 255 254 0 0
5.16704 1316 6 3 0 255 255 255 230 0 0
5.184041 1313 6 0 0 0 0 0 0 0 0
5.265055 1314 6 1 1 255 255 255 249 0 0
5.266055 1315 6 2 1 255 255 255 255 0 0
5.267058 1316 6 3 1 255 255 255 255 0 0
5.283055 1313 6 0 1 255 255 255 255 0 0
5.362055 1314 6 1 2 255 255 255 238 0 0
5.363056 1315 6 2 2 255 255 255 251 0 0
5.365057 1316 6 3 2 255 255 255 233 0 0
5.382055 1313 6 0 2 0 0 0 0 0 0
5.461055 1314 6 1 3 255 255 255 218 0 0
5.462055 1315 6 2 3 0 0 0 11 0 0
5.464055 1316 6 3 3 0 0 0 0 0 0
5.479055 1313 6 0 3 0 0 0 0 0 0
5.559056 1314 6 1 4 255 255 255 234 0 0
5.561056 1315 6 2 4 0 0 0 7 0 0
5.563055 1316 6 3 4 255 255 255 241 0 0
5.579055 1313 6 0 4 0 0 0 1 0 0
5.659055 1314 6 1 5 255 255 255 233 0 0
5.660055 1315 6 2 5 0 0 0 12 0 0
5.662055 1316 6 3 5 255 255 255 243 0 0
5.677056 1313 6 0 5 0 0 0 0 0 0
5.756055 1314 6 1 6 255 255 255 235 0 0
5.758056 1315 6 2 6 255 255 255 246 0 0
5.760055 1316 6 3 6 255 255 255 224 0 0
5.775056 1313 6 0 6 255 255 255 255 0 0
5.856055 1314 6 1 7 255 255 255 170 0 0
5.857055 1315 6 2 7 255 255 255 178 0 0
5.859055 1316 6 3 7 0 0 2 194 0 0
5.874057 1313 6 0 7 0 0 0 1 0 0
5.953055 1314 6 1 8 255 255 255 194 0 0
5.954056 1315 6 2 8 255 255 255 220 0 0
5.955056 1316 6 3 8 0 0 0 194 0 0
5.972056 1313 6 0 8 255 255 255 255 0 0
6.052055 1314 6 1 9 255 255 255 189 0 0
6.053056 1315 6 2 9 255 255 255 234 0 0
6.055055 1316 6 3 9 0 0 0 33 0 0
6.070055 1313 6 0 9 0 0 0 0 0 0
6.150055 1314 6 1 10 255 255 255 194 0 0
6.151056 1315 6 2 10 255 255 255 245 0 0
6.153055 1316 6 3 10 255 255 255 201 0 0
6.169055 1313 6 0 10 0 0 0 0 0 0
6.249055 1314 6 1 11 255 255 255 209 0 0
6.250055 1315 6 2 11 255 255 255 230 0 0
6.252055 1316 6 3 11 255 255 255 235 0 0
6.267055 1313 6 0 11 0 0 0 1 0 0
6.348056 1314 6 1 12 255 255 255 194 0 0
6.349056 1315 6 2 12 255 255 255 225 0 0
6.351055 1316 6 3 12 255 255 255 228 0 0
6.366056 1313 6 0 12 0 0 0 0 0 0
6.447056 1314 6 1 13 255 255 255 195 0 0
6.448056 1315 6 2 13 255 255 255 245 0 0
6.450055 1316 6 3 13 255 255 255 220 0 0
6.465055 1313 6 0 13 0 0 0 0 0 0
6.545056 1314 6 1 14 255 255 255 195 0 0
6.547055 1315 6 2 14 255 255 255 201 0 0
6.548055 1316 6 3 14 255 255 255 236 0 0
6.563056 1313 6 0 14 0 0 0 1 0 0
6.644563 1314 6 1 15 255 255 255 226 0 0
6.646562 1315 6 2 15 255 255 255 224 0 0
6.647562 1316 6 3 15 255 255 255 235 0 0
6.661562 1313 6 0 15 0 0 0 1 0 0
6.741562 1314 6 1 0 255 255 255 210 0 0
6.742563 1315 6 2 0 255 255 255 235 0 0
6.744563 1316 6 3 0 255 255 255 244 0 0
6.760562 1313 6 0 0 0 0 0 2 0 0
6.840562 1314 6 1 1 255 255 255 229 0 0
6.841562 1315 6 2 1 255 255 255 215 0 0
6.842562 1316 6 3 1 255 255 255 231 0 0
6.858565 1313 6 0 1 0 0 0 1 0 0
6.938562 1314 6 1 2 255 255 255 210 0 0
6.939562 1315 6 2 2 255 255 255 236 0 0
6.940562 1316 6 3 2 255 255 255 245 0 0
6.956562 1313 6 0 2 0 0 0 2 0 0
7.037563 1314 6 1 3 255 255 255 200 0 0
7.039562 1315 6 2 3 255 255 255 231 0 0
7.040562 1316 6 3 3 255 255 255 218 0 0
7.055562 1313 6 0 3 0 0 0 0 0 0
7.135562 1314 6 1 4 255 255 255 200 0 0
7.136562 1315 6 2 4 255 255 255 245 0 0
7.137563 1316 6 3 4 255 255 255 250 0 0
7.155562 1313 6 0 4 0 0 0 0 0 0
7.235562 1314 6 1 5 255 255 255 224 0 0
7.236562 1315 6 2 5 0 0 0 1 0 0
7.237562 1316 6 3 5 255 255 255 236 0 0
7.253563 1313 6 0 5 0 0 0 0 0 0
7.333562 1314 6 1 6 255 255 255 223 0 0
7.334563 1315 6 2 6 255 255 255 235 0 0
7.336563 1316 6 3 6 255 255 255 229 0 0
7.352562 1313 6 0 6 0 0 0 0 0 0
7.431562 1314 6 1 7 255 255 255 200 0 0
7.433562 1315 6 2 7 255 255 255 248 0 0
7.434563 1316 6 3 7 255 255 255 226 0 0
7.449562 1313 6 0 7 255 255 255 255 0 0
7.530562 1314 6 1 8 0 0 0 41 0 0
7.531562 1315 6 2 8 0 0 0 48 0 0
7.532562 1316 6 3 8 255 255 254 136 0 0
7.549562 1313 6 0 8 0 0 0 0 0 0
7.628563 1314 6 1 9 0 0 0 10 0 0
7.630562 1315 6 2 9 0 0 0 10 0 0
7.631563 1316 6 3 9 255 255 255 97 0 0
7.647562 1313 6 0 9 0 0 0 1 0 0
7.726562 1314 6 1 10 255 255 255 206 0 0
7.727563 1315 6 2 10 0 0 0 20 0 0
7.728563 1316 6 3 10 255 255 255 223 0 0
7.745225 1313 6 0 10 0 0 0 0 0 0
7.82609 1314 6 1 11 255 255 255 241 0 0
7.82709 1315 6 2 11 255 255 255 238 0 0
7.82909 1316 6 3 11 255 255 255 233 0 0
7.844089 1313 6 0 11 0 0 0 0 0 0
7.925089 1314 6 1 12 0 0 0 20 0 0
7.926091 1315 6 2 12 0 0 0 7 0 0
7.92809 1316 6 3 12 255 255 255 216 0 0
7.94309 1313 6 0 12 0 0 0 0 0 0
8.022091 1314 6 1 13 255 255 255 251 0 0
8.024089 1315 6 2 13 0 0 0 15 0 0
8.02509 1316 6 3 13 255 255 255 239 0 0
8.041091 1313 6 0 13 0 0 0 1 0 0
8.12209 1314 6 1 14 255 255 255 228 0 0
8.12309 1315 6 2 14 0 0 0 16 0 0
8.124091 1316 6 3 14 255 255 255 215 0 0
8.14009 1313 6 0 14 255 255 255 255 0 0
8.21909 1314 6 1 15 255 255 255 246 0 0
8.22009 1315 6 2 15 0 0 0 6 0 0
8.22109 1316 6 3 15 255 255 255 240 0 0
8.23909 1313 6 0 15 255 255 255 255 0 0
8.31809 1314 6 1 0 255 255 255 243 0 0
8.319091 1315 6 2 0 0 0 0 21 0 0
8.32109 1316 6 3 0 255 255 255 235 0 0
8.33609 1313 6 0 0 0 0 0 1 0 0
8.416104 1314 6 1 1 0 0 0 2 0 0
8.417105 1315 6 2 1 0 0 0 12 0 0
8.418106 1316 6 3 1 255 255 255 248 0 0
8.435104 1313 6 0 1 0 0 0 0 0 0
8.515105 1314 6 1 2 255 255 255 225 0 0
8.516105 1315 6 2 2 255 255 255 239 0 0
8.517105 1316 6 3 2 0 0 0 1 0 0
8.534105 1313 6 0 2 0 0 0 0 0 0
8.613105 1314 6 1 3 255 255 255 253 0 0
8.615105 1315 6 2 3 255 255 255 251 0 0
8.617105 1316 6 3 3 255 255 255 234 0 0
8.633105 1313 6 0 3 0 0 0 0 0 0
8.713105 1314 6 1 4 255 255 255 203 0 0
8.715105 1315 6 2 4 0 0 0 32 0 0
8.716105 1316 6 3 4 255 255 255 250 0 0
8.730104 1313 6 0 4 0 0 0 1 0 0
8.810104 1314 6 1 5 255 255 255 210 0 0
8.811105 1315 6 2 5 255 255 255 233 0 0
8.812105 1316 6 3 5 0 0 0 13 0 0
8.830105 1313 6 0 5 0 0 0 0 0 0
8.909105 1314 6 1 6 0 0 0 7 0 0
8.910106 1315 6 2 6 255 255 255 251 0 0
8.912105 1316 6 3 6 255 255 255 211 0 0
8.928104 1313 6 0 6 0 0 0 0 0 0
9.008105 1314 6 1 7 255 255 255 225 0 0
9.009105 1315 6 2 7 255 255 255 209 0 0
9.010105 1316 6 3 7 255 255 255 238 0 0
9.026105 1313 6 0 7 0 0 0 0 0 0
9.107104 1314 6 1 8 255 255 255 131 0 0
9.108105 1315 6 2 8 255 255 255 201 0 0
9.109105 1316 6 3 8 0 0 2 229 0 0
9.125105 1313 6 0 8 0 0 0 0 0 0
9.205105 1314 6 1 9 255 255 255 216 0 0
9.207104 1315 6 2 9 255 255 255 240 0 0
9.208106 1316 6 3 9 0 0 0 182 0 0
9.223105 1313 6 0 9 0 0 0 1 0 0
9.303105 1314 6 1 10 255 255 255 194 0 0
9.304107 1315 6 2 10 255 255 255 246 0 0
9.306105 1316 6 3 10 0 0 0 10 0 0
9.321105 1313 6 0 10 255 255 255 254 0 0
9.401628 1314 6 1 11 255 255 255 198 0 0
9.403627 1315 6 2 11 255 255 255 180 0 0
9.405628 1316 6 3 11 255 255 255 246 0 0
9.421627 1313 6 0 11 0 0 0 1 0 0
9.499628 1314 6 1 12 255 255 255 209 0 0
9.501627 1315 6 2 12 255 255 255 200 0 0
9.502627 1316 6 3 12 255 255 255 236 0 0
9.518626 1313 6 0 12 0 0 0 1 0 0
9.598627 1314 6 1 13 255 255 255 194 0 0
9.599627 1315 6 2 13 0 0 0 0 0 0
9.600627 1316 6 3 13 255 255 255 250 0 0
9.616627 1313 6 0 13 0 0 0 0 0 0
9.697627 1314 6 1 14 255 255 255 193 0 0
9.699627 1315 6 2 14 0 0 0 3 0 0
9.701626 1316 6 3 14 255 255 255 253 0 0
9.715627 1313 6 0 14 0 0 0 0 0 0
9.795626 1314 6 1 15 255 255 255 233 0 0
9.796627 1315 6 2 15 255 255 255 239 0 0
9.797628 1316 6 3 15 255 255 255 250 0 0
9.813626 1313 6 0 15 0 0 0 1 0 0
9.894626 1314 6 1 0 255 255 255 248 0 0
9.895627 1315 6 2 0 255 255 255 238 0 0
9.897627 1316 6 3 0 255 255 255 239 0 0
9.912627 1313 6 0 0 0 0 0 1 0 0
9.993627 1314 6 1 1 255 255 255 219 0 0
9.995626 1315 6 2 1 255 255 255 235 0 0
9.996627 1316 6 3 1 255 255 255 240 0 0
10.011627 1313 6 0 1 255 255 255 254 0 0
10.091628 1314 6 1 2 255 255 255 228 0 0
10.092628 1315 6 2 2 255 255 255 231 0 0
10.094628 1316 6 3 2 255 255 255 216 0 0
10.109627 1313 6 0 2 0 0 0 1 0 0
10.190627 1314 6 1 3 255 255 255 233 0 0
10.191627 1315 6 2 3 255 255 255 226 0 0
10.192627 1316 6 3 3 255 255 255 204 0 0
10.208627 1313 6 0 3 0 0 0 0 0 0
10.288627 1314 6 1 4 255 255 255 194 0 0
10.289627 1315 6 2 4 255 255 255 224 0 0
10.290627 1316 6 3 4 255 255 255 240 0 0
10.307627 1313 6 0 4 0 0 0 0 0 0
10.387627 1314 6 1 5 255 255 255 246 0 0
10.388629 1315 6 2 5 255 255 255 250 0 0
10.390627 1316 6 3 5 255 255 255 210 0 0
10.404627 1313 6 0 5 255 255 255 255 0 0
10.485627 1314 6 1 6 255 255 255 205 0 0
10.486627 1315 6 2 6 255 255 255 231 0 0
10.487628 1316 6 3 6 255 255 255 244 0 0
10.504627 1313 6 0 6 0 0 0 2 0 0
10.583627 1314 6 1 7 255 255 255 211 0 0
10.584627 1315 6 2 7 0 0 0 2 0 0
10.585627 1316 6 3 7 255 255 255 223 0 0
10.603627 1313 6 0 7 0 0 0 0 0 0
10.682627 1314 6 1 8 0 0 0 16 0 0
10.683785 1315 6 2 8 0 0 0 48 0 0
10.685627 1316 6 3 8 255 255 254 198 0 0
10.701641 1313 6 0 8 0 0 0 1 0 0
10.781642 1314 6 1 9 255 255 255 251 0 0
10.782643 1315 6 2 9 0 0 0 36 0 0
10.783643 1316 6 3 9 255 255 255 49 0 0
10.798642 1313 6 0 9 0 0 0 0 0 0
10.879641 1314 6 1 10 255 255 255 219 0 0
10.880642 1315 6 2 10 0 0 0 28 0 0
10.881642 1316 6 3 10 255 255 255 195 0 0
10.897642 1313 6 0 10 0 0 0 0 0 0
10.978642 1314 6 1 11 255 255 255 201 0 0
10.980641 1315 6 2 11 255 255 255 210 0 0
10.981644 1316 6 3 11 255 255 255 213 0 0
10.995644 1313 6 0 11 0 0 0 0 0 0
11.077642 1314 6 1 12 255 255 255 205 0 0
11.078642 1315 6 2 12 0 0 0 1 0 0
11.079642 1316 6 3 12 255 255 255 230 0 0
11.094642 1313 6 0 12 0 0 0 0 0 0
11.174642 1314 6 1 13 255 255 255 213 0 0
11.175642 1315 6 2 13 0 0 0 3 0 0
11.176642 1316 6 3 13 255 255 255 210 0 0
11.193642 1313 6 0 13 0 0 0 0 0 0
11.273642 1314 6 1 14 255 255 255 249 0 0
11.274642 1315 6 2 14 0 0 0 3 0 0
11.276642 1316 6 3 14 255 255 255 233 0 0
11.291642 1313 6 0 14 0 0 0 0 0 0
11.371656 1314 6 1 15 255 255 255 236 0 0
11.372658 1315 6 2 15 0 0 0 18 0 0
11.374656 1316 6 3 15 255 255 255 210 0 0
11.390658 1313 6 0 15 0 0 0 1 0 0
11.471656 1314 6 1 0 255 255 255 235 0 0
11.472657 1315 6 2 0 0 0 0 26 0 0
11.474656 1316 6 3 0 255 255 255 229 0 0
11.489656 1313 6 0 0 0 0 0 0 0 0
11.569657 1314 6 1 1 255 255 255 213 0 0
11.571656 1315 6 2 1 255 255 255 236 0 0
11.572656 1316 6 3 1 255 255 255 231 0 0
11.588657 1313 6 0 1 0 0 0 1 0 0
11.668657 1314 6 1 2 255 255 255 226 0 0
11.669657 1315 6 2 2 255 255 255 249 0 0
11.670658 1316 6 3 2 255 255 255 226 0 0
11.685658 1313 6 0 2 0 0 0 0 0 0
11.765656 1314 6 1 3 255 255 255 226 0 0
11.766657 1315 6 2 3 0 0 0 1 0 0
11.768656 1316 6 3 3 255 255 255 240 0 0
11.784656 1313 6 0 3 0 0 0 0 0 0
11.864658 1314 6 1 4 255 255 255 234 0 0
11.866656 1315 6 2 4 0 0 0 8 0 0
11.867658 1316 6 3 4 255 255 255 229 0 0
11.882656 1313 6 0 4 0 0 0 1 0 0
11.962658 1314 6 1 5 255 255 255 246 0 0
11.964656 1315 6 2 5 0 0 0 1 0 0
11.965658 1316 6 3 5 255 255 255 224 0 0
11.982656 1313 6 0 5 0 0 0 1 0 0
12.062178 1314 6 1 6 255 255 255 244 0 0
12.063178 1315 6 2 6 0 0 0 6 0 0
12.064179 1316 6 3 6 255 255 255 235 0 0
12.081178 1313 6 0 6 0 0 0 0 0 0
12.160178 1314 6 1 7 255 255 255 211 0 0
12.161178 1315 6 2 7 0 0 0 15 0 0
12.163178 1316 6 3 7 255 255 255 203 0 0
12.17818 1313 6 0 7 0 0 0 0 0 0
12.258178 1314 6 1 8 255 255 255 173 0 0
12.259178 1315 6 2 8 255 255 255 216 0 0
12.260178 1316 6 3 8 0 0 2 130 0 0
12.277178 1313 6 0 8 255 255 255 255 0 0
12.357178 1314 6 1 9 255 255 255 204 0 0
12.358179 1315 6 2 9 255 255 255 214 0 0
12.360178 1316 6 3 9 0 0 0 209 0 0
12.376178 1313 6 0 9 0 0 0 2 0 0
12.456178 1314 6 1 10 255 255 255 170 0 0
12.457178 1315 6 2 10 0 0 0 5 0 0
12.458179 1316 6 3 10 0 0 0 35 0 0
12.474178 1313 6 0 10 0 0 0 0 0 0
12.555178 1314 6 1 11 255 255 255 174 0 0
12.556178 1315 6 2 11 255 255 255 229 0 0
12.557179 1316 6 3 11 255 255 255 250 0 0
12.573178 1313 6 0 11 0 0 0 1 0 0
12.652179 1314 6 1 12 255 255 255 210 0 0
12.654178 1315 6 2 12 255 255 255 208 0 0
12.655178 1316 6 3 12 255 255 255 234 0 0
12.671178 1313 6 0 12 0 0 0 1 0 0
12.750749 1314 6 1 13 255 255 255 205 0 0
12.752684 1315 6 2 13 255 255 255 220 0 0
12.753686 1316 6 3 13 255 255 255 228 0 0
12.770684 1313 6 0 13 0 0 0 1 0 0
12.849684 1314 6 1 14 255 255 255 210 0 0
12.850685 1315 6 2 14 255 255 255 251 0 0
12.852686 1316 6 3 14 255 255 255 239 0 0
12.868684 1313 6 0 14 0 0 0 0 0 0
12.947684 1314 6 1 15 255 255 255 206 0 0
12.948685 1315 6 2 15 255 255 255 204 0 0
12.949686 1316 6 3 15 255 255 255 248 0 0
12.966684 1313 6 0 15 0 0 0 0 0 0
13.047684 1314 6 1 0 255 255 255 220 0 0
13.048685 1315 6 2 0 255 255 255 239 0 0
13.050684 1316 6 3 0 255 255 255 244 0 0
13.064684 1313 6 0 0 0 0 0 0 0 0
13.144685 1314 6 1 1 255 255 255 218 0 0
13.145685 1315 6 2 1 255 255 255 254 0 0
13.147684 1316 6 3 1 255 255 255 221 0 0
13.164684 1313 6 0 1 0 0 0 1 0 0
13.243684 1314 6 1 2 255 255 255 218 0 0
13.244684 1315 6 2 2 255 255 255 244 0 0
13.246684 1316 6 3 2 255 255 255 235 0 0
13.262684 1313 6 0 2 0 0 0 1 0 0
13.342685 1314 6 1 3 255 255 255 193 0 0
13.344684 1315 6 2 3 255 255 255 236 0 0
13.345684 1316 6 3 3 255 255 255 228 0 0
13.360685 1313 6 0 3 0 0 0 2 0 0
13.441696 1314 6 1 4 255 255 255 231 0 0
13.442697 1315 6 2 4 0 0 0 7 0 0
13.444697 1316 6 3 4 255 255 255 243 0 0
13.459697 1313 6 0 4 0 0 0 0 0 0
13.538697 1314 6 1 5 255 255 255 183 0 0
13.539697 1315 6 2 5 255 255 255 243 0 0
13.541697 1316 6 3 5 255 255 255 244 0 0
13.557697 1313 6 0 5 0 0 0 0 0 0
13.638697 1314 6 1 6 255 255 255 218 0 0
13.639698 1315 6 2 6 255 255 255 251 0 0
13.640698 1316 6 3 6 255 255 255 239 0 0
13.655697 1313 6 0 6 0 0 0 0 0 0
13.735697 1314 6 1 7 255 255 255 208 0 0
13.737697 1315 6 2 7 255 255 255 233 0 0
13.738697 1316 6 3 7 255 255 255 219 0 0
13.754697 1313 6 0 7 0 0 0 1 0 0
13.834697 1314 6 1 8 255 255 255 228 0 0
13.835698 1315 6 2 8 255 255 255 251 0 0
13.837697 1316 6 3 8 255 255 255 203 0 0
13.853697 1313 6 0 8 0 0 0 1 0 0
13.932698 1314 6 1 9 0 0 0 42 0 0
13.934697 1315 6 2 9 0 0 0 75 0 0
13.935697 1316 6 3 9 255 255 254 169 0 0
13.951697 1313 6 0 9 0 0 0 0 0 0
14.031697 1314 6 1 10 255 255 255 254 0 0
14.032697 1315 6 2 10 0 0 0 10 0 0
14.034697 1316 6 3 10 255 255 255 71 0 0
14.049697 1313 6 0 10 0 0 0 0 0 0
14.129698 1314 6 1 11 255 255 255 250 0 0
14.131697 1315 6 2 11 0 0 0 7 0 0
14.132697 1316 6 3 11 255 255 255 213 0 0
14.148697 1313 6 0 11 0 0 0 0 0 0
14.228697 1314 6 1 12 255 255 255 240 0 0
14.229697 1315 6 2 12 0 0 0 1 0 0
14.231697 1316 6 3 12 255 255 255 234 0 0
14.246697 1313 6 0 12 0 0 0 2 0 0
14.327697 1314 6 1 13 255 255 255 238 0 0
14.328697 1315 6 2 13 255 255 255 233 0 0
14.329697 1316 6 3 13 0 0 0 2 0 0
14.345697 1313 6 0 13 0 0 0 1 0 0
14.425697 1314 6 1 14 0 0 0 7 0 0
14.427697 1315 6 2 14 255 255 255 251 0 0
14.429697 1316 6 3 14 255 255 255 226 0 0
14.444697 1313 6 0 14 0 0 0 0 0 0
14.525696 1314 6 1 15 255 255 255 230 0 0
14.526697 1315 6 2 15 0 0 0 3 0 0
14.527697 1316 6 3 15 0 0 0 0 0 0
14.542697 1313 6 0 15 255 255 255 255 0 0
14.623697 1314 6 1 0 255 255 255 251 0 0
14.624697 1315 6 2 0 0 0 0 8 0 0
14.626697 1316 6 3 0 255 255 255 226 0 0
14.640697 1313 6 0 0 0 0 0 1 0 0
14.721697 1314 6 1 1 255 255 255 243 0 0
14.723697 1315 6 2 1 255 255 255 255 0 0
14.724697 1316 6 3 1 255 255 255 226 0 0
14.740697 1313 6 0 1 0 0 0 0 0 0
14.820204 1314 6 1 2 255 255 255 226 0 0
14.821204 1315 6 2 2 0 0 0 10 0 0
14.822205 1316 6 3 2 255 255 255 253 0 0
14.839204 1313 6 0 2 0 0 0 1 0 0
14.918204 1314 6 1 3 255 255 255 239 0 0
14.919204 1315 6 2 3 255 255 255 239 0 0
14.920204 1316 6 3 3 255 255 255 213 0 0
14.936205 1313 6 0 3 0 0 0 0 0 0
15.017205 1314 6 1 4 255 255 255 214 0 0
15.019204 1315 6 2 4 255 255 255 241 0 0
15.020204 1316 6 3 4 255 255 255 199 0 0
15.035204 1313 6 0 4 0 0 0 1 0 0
15.115204 1314 6 1 5 0 0 0 0 0 0
15.116204 1315 6 2 5 255 255 255 235 0 0
15.117204 1316 6 3 5 255 255 255 224 0 0
15.133204 1313 6 0 5 0 0 0 0 0 0
15.215204 1314 6 1 6 255 255 255 214 0 0
15.216204 1315 6 2 6 0 0 0 11 0 0
15.217204 1316 6 3 6 255 255 255 245 0 0
15.233205 1313 6 0 6 0 0 0 1 0 0
15.312204 1314 6 1 7 255 255 255 243 0 0
15.313206 1315 6 2 7 255 255 255 254 0 0
15.315204 1316 6 3 7 255 255 255 229 0 0
15.332204 1313 6 0 7 0 0 0 1 0 0
15.411204 1314 6 1 8 255 255 255 235 0 0
15.412205 1315 6 2 8 255 255 255 255 0 0
15.414204 1316 6 3 8 255 255 255 230 0 0
15.429205 1313 6 0 8 0 0 0 1 0 0
15.509205 1314 6 1 9 255 255 255 160 0 0
15.511204 1315 6 2 9 255 255 255 185 0 0
15.512204 1316 6 3 9 0 0 2 132 0 0
15.528204 1313 6 0 9 0 0 0 1 0 0
15.608204 1314 6 1 10 255 255 255 160 0 0
15.609205 1315 6 2 10 255 255 255 201 0 0
15.611204 1316 6 3 10 0 0 0 204 0 0
15.627205 1313 6 0 10 0 0 0 2 0 0
15.706205 1314 6 1 11 255 255 255 215 0 0
15.708204 1315 6 2 11 255 255 255 229 0 0
15.709204 1316 6 3 11 0 0 0 33 0 0
15.726204 1313 6 0 11 0 0 0 0 0 0
15.806204 1314 6 1 12 255 255 255 223 0 0
15.807204 1315 6 2 12 255 255 255 230 0 0
15.809204 1316 6 3 12 255 255 255 233 0 0
15.824204 1313 6 0 12 0 0 0 0 0 0
15.904204 1314 6 1 13 255 255 255 219 0 0
15.905204 1315 6 2 13 255 255 255 236 0 0
15.906204 1316 6 3 13 255 255 255 240 0 0
15.923204 1313 6 0 13 0 0 0 0 0 0
16.002205 1314 6 1 14 255 255 255 205 0 0
16.004204 1315 6 2 14 255 255 255 254 0 0
16.005205 1316 6 3 14 255 255 255 229 0 0
16.020204 1313 6 0 14 0 0 0 0 0 0
16.100204 1314 6 1 15 255 255 255 171 0 0
16.101206 1315 6 2 15 0 0 0 3 0 0
16.103204 1316 6 3 15 255 255 255 233 0 0
16.120204 1313 6 0 15 0 0 0 0 0 0
16.199726 1314 6 1 0 255 255 255 234 0 0
16.200726 1315 6 2 0 255 255 255 226 0 0
16.201726 1316 6 3 0 255 255 255 235 0 0
16.217726 1313 6 0 0 0 0 0 0 0 0
16.298726 1314 6 1 1 255 255 255 208 0 0
16.299727 1315 6 2 1 255 255 255 215 0 0
16.301726 1316 6 3 1 255 255 255 244 0 0
16.315726 1313 6 0 1 0 0 0 0 0 0
16.395726 1314 6 1 2 255 255 255 191 0 0
16.397726 1315 6 2 2 255 255 255 210 0 0
16.398726 1316 6 3 2 255 255 255 200 0 0
16.415726 1313 6 0 2 0 0 0 1 0 0
16.494726 1314 6 1 3 255 255 255 198 0 0
16.495726 1315 6 2 3 255 255 255 236 0 0
16.496726 1316 6 3 3 0 0 0 18 0 0
16.513726 1313 6 0 3 0 0 0 2 0 0
16.592726 1314 6 1 4 255 255 255 189 0 0
16.593726 1315 6 2 4 255 255 255 234 0 0
16.594727 1316 6 3 4 255 255 255 216 0 0
16.611726 1313 6 0 4 0 0 0 0 0 0
16.69173 1314 6 1 5 255 255 255 213 0 0
16.693725 1315 6 2 5 255 255 255 248 0 0
16.694726 1316 6 3 5 255 255 255 241 0 0
16.710726 1313 6 0 5 0 0 0 0 0 0
16.790726 1314 6 1 6 255 255 255 225 0 0
16.791727 1315 6 2 6 255 255 255 219 0 0
16.793726 1316 6 3 6 255 255 255 238 0 0
16.809726 1313 6 0 6 0 0 0 0 0 0
16.889725 1314 6 1 7 255 255 255 235 0 0
16.890727 1315 6 2 7 255 255 255 228 0 0
16.891727 1316 6 3 7 0 0 0 18 0 0
16.906726 1313 6 0 7 0 0 0 0 0 0
16.986726 1314 6 1 8 255 255 255 210 0 0
16.987726 1315 6 2 8 255 255 255 231 0 0
16.989726 1316 6 3 8 255 255 255 196 0 0
17.005726 1313 6 0 8 0 0 0 3 0 0
17.085726 1314 6 1 9 0 0 0 30 0 0
17.086727 1315 6 2 9 0 0 0 25 0 0
17.088726 1316 6 3 9 255 255 254 214 0 0
17.105727 1313 6 0 9 0 0 0 2 0 0
17.184726 1314 6 1 10 255 255 255 245 0 0
17.185726 1315 6 2 10 0 0 0 15 0 0
17.187726 1316 6 3 10 255 255 255 51 0 0
17.202726 1313 6 0 10 0 0 0 0 0 0
17.282726 1314 6 1 11 255 255 255 251 0 0
17.283726 1315 6 2 11 0 0 0 26 0 0
17.285726 1316 6 3 11 255 255 255 200 0 0
17.301725 1313 6 0 11 0 0 0 0 0 0
17.381726 1314 6 1 12 255 255 255 240 0 0
17.382727 1315 6 2 12 0 0 0 27 0 0
17.384726 1316 6 3 12 255 255 255 215 0 0
17.399726 1313 6 0 12 0 0 0 2 0 0
17.480725 1314 6 1 13 255 255 255 236 0 0
17.481727 1315 6 2 13 0 0 0 28 0 0
17.483726 1316 6 3 13 255 255 255 215 0 0
17.497726 1313 6 0 13 0 0 0 0 0 0
17.578725 1314 6 1 14 255 255 255 236 0 0
17.579727 1315 6 2 14 0 0 0 15 0 0
17.581726 1316 6 3 14 255 255 255 228 0 0
17.596726 1313 6 0 14 0 0 0 2 0 0
17.676726 1314 6 1 15 255 255 255 243 0 0
17.677726 1315 6 2 15 0 0 0 0 0 0
17.679726 1316 6 3 15 255 255 255 230 0 0
17.695726 1313 6 0 15 0 0 0 0 0 0
17.775246 1314 6 1 0 255 255 255 250 0 0
17.776247 1315 6 2 0 255 255 255 246 0 0
17.777247 1316 6 3 0 255 255 255 229 0 0
17.793246 1313 6 0 0 0 0 0 1 0 0
17.874246 1314 6 1 1 255 255 255 201 0 0
17.875248 1315 6 2 1 0 0 0 3 0 0
17.877246 1316 6 3 1 255 255 255 228 0 0
17.893247 1313 6 0 1 0 0 0 0 0 0
17.972246 1314 6 1 2 255 255 255 249 0 0
17.973247 1315 6 2 2 0 0 0 6 0 0
17.975246 1316 6 3 2 255 255 255 225 0 0
17.992248 1313 6 0 2 0 0 0 0 0 0
18.071246 1314 6 1 3 0 0 0 15 0 0
18.072246 1315 6 2 3 255 255 255 240 0 0
18.073247 1316 6 3 3 255 255 255 251 0 0
18.089246 1313 6 0 3 255 255 255 254 0 0
18.169246 1314 6 1 4 255 255 255 234 0 0
18.170246 1315 6 2 4 0 0 0 3 0 0
18.171247 1316 6 3 4 255 255 255 233 0 0
18.187246 1313 6 0 4 0 0 0 0 0 0
18.268246 1314 6 1 5 255 255 255 239 0 0
18.269247 1315 6 2 5 0 0 0 22 0 0
18.270247 1316 6 3 5 255 255 255 239 0 0
18.287247 1313 6 0 5 0 0 0 0 0 0
18.366246 1314 6 1 6 255 255 255 206 0 0
18.367247 1315 6 2 6 255 255 255 239 0 0
18.369246 1316 6 3 6 255 255 255 221 0 0
18.384246 1313 6 0 6 0 0 0 1 0 0
18.465246 1314 6 1 7 255 255 255 216 0 0
18.466247 1315 6 2 7 0 0 0 6 0 0
18.467247 1316 6 3 7 255 255 255 248 0 0
18.483247 1313 6 0 7 0 0 0 0 0 0
18.563247 1314 6 1 8 255 255 255 240 0 0
18.565246 1315 6 2 8 0 0 0 13 0 0
18.567246 1316 6 3 8 255 255 255 223 0 0
18.582246 1313 6 0 8 0 0 0 0 0 0
18.661246 1314 6 1 9 255 255 255 155 0 0
18.662246 1315 6 2 9 255 255 255 179 0 0
18.664246 1316 6 3 9 0 0 2 25 0 0
18.681246 1313 6 0 9 0 0 0 1 0 0
18.761246 1314 6 1 10 255 255 255 196 0 0
18.762247 1315 6 2 10 255 255 255 231 0 0
18.763247 1316 6 3 10 0 0 1 11 0 0
18.778246 1313 6 0 10 0 0 0 0 0 0
18.859246 1314 6 1 11 255 255 255 184 0 0
18.860247 1315 6 2 11 255 255 255 230 0 0
18.862247 1316 6 3 11 0 0 0 20 0 0
18.878247 1313 6 0 11 0 0 0 0 0 0
18.957247 1314 6 1 12 255 255 255 210 0 0
18.958247 1315 6 2 12 255 255 255 204 0 0
18.960246 1316 6 3 12 255 255 255 248 0 0
18.975246 1313 6 0 12 0 0 0 1 0 0
19.056246 1314 6 1 13 255 255 255 226 0 0
19.057246 1315 6 2 13 255 255 255 221 0 0
19.058248 1316 6 3 13 255 255 255 216 0 0
19.074246 1313 6 0 13 0 0 0 0 0 0
19.154246 1314 6 1 14 255 255 255 223 0 0
19.155246 1315 6 2 14 255 255 255 250 0 0
19.156247 1316 6 3 14 0 0 0 2 0 0
19.173247 1313 6 0 14 0 0 0 0 0 0
19.253246 1314 6 1 15 255 255 255 194 0 0
19.254247 1315 6 2 15 255 255 255 204 0 0
19.255247 1316 6 3 15 255 255 255 230 0 0
19.271247 1313 6 0 15 0 0 0 1 0 0
19.351246 1314 6 1 0 255 255 255 206 0 0
19.352247 1315 6 2 0 255 255 255 219 0 0
19.354246 1316 6 3 0 255 255 255 253 0 0
19.370246 1313 6 0 0 0 0 0 0 0 0
19.449769 1314 6 1 1 255 255 255 203 0 0
19.45077 1315 6 2 1 255 255 255 219 0 0
19.45177 1316 6 3 1 255 255 255 233 0 0
19.469769 1313 6 0 1 0 0 0 0 0 0
19.549772 1314 6 1 2 255 255 255 221 0 0
19.55177 1315 6 2 2 255 255 255 251 0 0
19.553769 1316 6 3 2 255 255 255 221 0 0
19.566769 1313 6 0 2 0 0 0 2 0 0
19.646769 1314 6 1 3 255 255 255 211 0 0
19.647769 1315 6 2 3 255 255 255 218 0 0
19.64977 1316 6 3 3 255 255 255 241 0 0
19.664769 1313 6 0 3 0 0 0 0 0 0
19.746769 1314 6 1 4 255 255 255 208 0 0
19.74777 1315 6 2 4 255 255 255 229 0 0
19.74977 1316 6 3 4 255 255 255 234 0 0
19.763769 1313 6 0 4 0 0 0 0 0 0
19.84377 1314 6 1 5 255 255 255 240 0 0
19.845769 1315 6 2 5 0 0 0 3 0 0
19.846769 1316 6 3 5 255 255 255 225 0 0
19.862769 1313 6 0 5 0 0 0 2 0 0
19.942769 1314 6 1 6 255 255 255 210 0 0
19.943771 1315 6 2 6 0 0 0 1 0 0
19.945769 1316 6 3 6 255 255 255 218 0 0
19.960769 1313 6 0 6 0 0 0 0 0 0
20.04177 1314 6 1 7 255 255 255 214 0 0
20.04277 1315 6 2 7 255 255 255 240 0 0
20.044769 1316 6 3 7 255 255 255 210 0 0
20.059769 1313 6 0 7 0 0 0 0 0 0
20.140769 1314 6 1 8 255 255 255 215 0 0
20.141771 1315 6 2 8 255 255 255 243 0 0
20.143769 1316 6 3 8 255 255 255 224 0 0
20.157769 1313 6 0 8 255 255 255 255 0 0
20.237769 1314 6 1 9 0 0 0 15 0 0
20.238769 1315 6 2 9 0 0 0 37 0 0
20.240769 1316 6 3 9 255 255 255 19 0 0
20.256769 1313 6 0 9 0 0 0 0 0 0
20.33677 1314 6 1 10 0 0 0 10 0 0
20.338769 1315 6 2 10 0 0 0 60 0 0
20.339769 1316 6 3 10 255 255 255 11 0 0
20.354769 1313 6 0 10 0 0 0 0 0 0
20.434769 1314 6 1 11 255 255 255 221 0 0
20.435769 1315 6 2 11 0 0 0 28 0 0
20.43777 1316 6 3 11 255 255 255 190 0 0
20.453769 1313 6 0 11 0 0 0 0 0 0
20.533769 1314 6 1 12 0 0 0 23 0 0
20.534769 1315 6 2 12 0 0 0 2 0 0
20.535769 1316 6 3 12 255 255 255 211 0 0
20.55177 1313 6 0 12 0 0 0 0 0 0
20.632769 1314 6 1 13 255 255 255 230 0 0
20.633769 1315 6 2 13 0 0 0 23 0 0
20.63477 1316 6 3 13 255 255 255 246 0 0
20.650769 1313 6 0 13 0 0 0 0 0 0
20.730769 1314 6 1 14 255 255 255 233 0 0
20.731771 1315 6 2 14 255 255 255 239 0 0
20.73377 1316 6 3 14 255 255 255 225 0 0
20.74877 1313 6 0 14 255 255 255 255 0 0
20.828769 1314 6 1 15 255 255 255 234 0 0
20.829769 1315 6 2 15 255 255 255 243 0 0
20.83177 1316 6 3 15 255 255 255 241 0 0
20.848769 1313 6 0 15 0 0 0 0 0 0
20.92877 1314 6 1 0 255 255 255 234 0 0
20.93077 1315 6 2 0 255 255 255 254 0 0
20.932769 1316 6 3 0 255 255 255 231 0 0
20.945769 1313 6 0 0 0 0 0 0 0 0
21.02577 1314 6 1 1 255 255 255 203 0 0
21.027769 1315 6 2 1 255 255 255 215 0 0
21.02877 1316 6 3 1 255 255 255 235 0 0
21.044769 1313 6 0 1 255 255 255 255 0 0
21.124769 1314 6 1 2 255 255 255 223 0 0
21.125769 1315 6 2 2 0 0 0 11 0 0
21.126769 1316 6 3 2 255 255 255 244 0 0
21.142769 1313 6 0 2 0 0 0 2 0 0
21.223769 1314 6 1 3 255 255 255 246 0 0
21.22477 1315 6 2 3 0 0 0 27 0 0
21.225772 1316 6 3 3 255 255 255 228 0 0
21.24277 1313 6 0 3 0 0 0 0 0 0
21.321769 1314 6 1 4 255 255 255 226 0 0
21.32277 1315 6 2 4 255 255 255 244 0 0
21.32377 1316 6 3 4 255 255 255 208 0 0
21.340769 1313 6 0 4 0 0 0 3 0 0
21.419769 1314 6 1 5 255 255 255 244 0 0
21.420769 1315 6 2 5 255 255 255 250 0 0
21.42177 1316 6 3 5 255 255 255 221 0 0
21.438771 1313 6 0 5 0 0 0 2 0 0
21.518769 1314 6 1 6 255 255 255 208 0 0
21.51977 1315 6 2 6 255 255 255 223 0 0
21.52077 1316 6 3 6 255 255 255 213 0 0
21.538769 1313 6 0 6 0 0 0 0 0 0
21.617772 1314 6 1 7 255 255 255 238 0 0
21.618772 1315 6 2 7 0 0 0 6 0 0
21.619779 1316 6 3 7 255 255 255 221 0 0
21.635773 1313 6 0 7 0 0 0 1 0 0
21.71577 1314 6 1 8 0 0 0 5 0 0
21.716771 1315 6 2 8 0 0 0 2 0 0
21.717772 1316 6 3 8 255 255 255 239 0 0
21.73477 1313 6 0 8 0 0 0 0 0 0
21.81477 1314 6 1 9 255 255 255 150 0 0
21.816769 1315 6 2 9 255 255 255 213 0 0
21.817769 1316 6 3 9 0 0 2 2 0 0
21.833769 1313 6 0 9 0 0 0 0 0 0
21.913769 1314 6 1 10 255 255 255 169 0 0
21.91477 1315 6 2 10 255 255 255 193 0 0
21.91677 1316 6 3 10 0 0 1 142 0 0
21.931769 1313 6 0 10 0 0 0 0 0 0
22.010769 1314 6 1 11 255 255 255 221 0 0
22.01177 1315 6 2 11 255 255 255 253 0 0
22.01277 1316 6 3 11 0 0 0 25 0 0
22.030769 1313 6 0 11 0 0 0 0 0 0
22.109769 1314 6 1 12 255 255 255 226 0 0
22.110772 1315 6 2 12 255 255 255 244 0 0
22.112769 1316 6 3 12 255 255 255 245 0 0
22.128769 1313 6 0 12 0 0 0 0 0 0
22.209769 1314 6 1 13 255 255 255 223 0 0
22.210769 1315 6 2 13 255 255 255 229 0 0
22.211769 1316 6 3 13 255 255 255 254 0 0
22.226277 1313 6 0 13 0 0 0 0 0 0
22.306784 1314 6 1 14 255 255 255 213 0 0
22.307784 1315 6 2 14 255 255 255 211 0 0
22.309784 1316 6 3 14 255 255 255 225 0 0
22.324784 1313 6 0 14 0 0 0 0 0 0
22.404784 1314 6 1 15 255 255 255 255 0 0
22.405784 1315 6 2 15 255 255 255 230 0 0
22.406785 1316 6 3 15 255 255 255 210 0 0
22.423784 1313 6 0 15 0 0 0 1 0 0
22.503784 1314 6 1 0 255 255 255 241 0 0
22.504785 1315 6 2 0 255 255 255 244 0 0
22.506785 1316 6 3 0 255 255 255 248 0 0
22.522784 1313 6 0 0 0 0 0 0 0 0
22.603785 1314 6 1 1 255 255 255 213 0 0
22.605784 1315 6 2 1 255 255 255 221 0 0
22.606784 1316 6 3 1 255 255 255 215 0 0
22.621785 1313 6 0 1 0 0 0 0 0 0
