0.001001 277 8 0 0 0 0 0 0 0 0
0.002001 278 8 0 0 0 0 0 0 0 0
0.004002 640 8 0 184 11 184 11 184 11 0
0.006001 641 8 0 184 11 184 11 184 11 0
0.008 642 8 0 184 11 184 11 184 11 0
0.009001 643 8 0 184 11 184 11 184 11 0
0.010001 644 8 0 184 11 184 11 184 11 0
0.011002 645 8 0 184 11 184 11 184 11 0
0.012003 656 8 0 208 57 208 57 208 57 0
0.014001 657 8 0 208 57 208 57 208 57 0
0.015001 658 8 0 208 57 208 57 208 57 0
0.016001 659 8 0 208 57 208 57 208 57 0
0.017002 672 8 0 184 11 184 11 184 11 0
0.018014 673 8 0 184 11 184 11 184 11 0
0.020003 674 8 0 184 11 184 11 184 11 0
0.022001 675 8 0 184 11 184 11 184 11 0
0.023001 676 8 0 184 11 184 11 184 11 0
0.024001 677 8 0 184 11 184 11 184 11 0
0.025002 304 8 0 0 0 0 0 0 0 0
0.026003 305 8 0 0 0 0 0 0 0 0
0.02801 368 8 0 0 255 255 0 0 0 0
0.037002 369 8 0 0 0 0 0 0 0 0
0.037002 384 8 0 50 0 50 0 50 0 0
0.069005 688 8 0 208 57 208 57 208 57 0
0.070004 689 8 0 208 57 208 57 208 57 0
0.070004 690 8 0 208 57 208 57 208 57 0
0.070004 691 8 0 208 57 208 57 208 57 0
0.070004 704 8 0 184 11 184 11 184 11 0
0.070004 705 8 0 184 11 184 11 184 11 0
0.070004 706 8 0 184 11 184 11 184 11 0
0.070004 707 8 0 184 11 184 11 184 11 0
0.071004 708 8 0 184 11 184 11 184 11 0
0.071004 709 8 0 184 11 184 11 184 11 0
0.071004 720 8 0 208 57 208 57 208 57 0
0.071004 721 8 0 208 57 208 57 208 57 0
0.071004 722 8 0 208 57 208 57 208 57 0
0.071004 723 8 0 208 57 208 57 208 57 0
0.071004 736 8 0 184 11 184 11 184 11 0
0.071004 737 8 0 184 11 184 11 184 11 0
0.071004 738 8 0 184 11 184 11 184 11 0
0.071004 739 8 0 184 11 184 11 184 11 0
0.072004 740 8 0 184 11 184 11 184 11 0
0.072004 741 8 0 184 11 184 11 184 11 0
0.072004 752 8 0 208 57 208 57 208 57 0
0.072004 753 8 0 208 57 208 57 208 57 0
0.072004 754 8 0 208 57 208 57 208 57 0
0.073004 755 8 0 208 57 208 57 208 57 0
0.095005 272 8 7 240 0 7 0 0 0 0
0.099005 273 8 0 0 0 0 0 0 0 0
0.100005 274 8 0 0 1 0 3 1 6 0
0.103005 277 8 0 0 0 0 0 0 0 0
0.104005 278 8 0 0 0 0 0 0 0 0
0.114005 512 8 0 0 0 0 0 0 0 0
0.115007 513 8 7 0 0 0 0 0 0 0
0.117006 514 8 7 0 0 0 0 0 0 0
0.118017 515 8 7 0 0 0 0 0 0 0
0.120007 516 8 0 184 11 184 11 184 11 0
0.121007 517 8 0 184 11 184 11 184 11 0
0.123007 304 8 0 0 0 0 0 0 0 0
0.125006 305 8 0 0 0 0 0 0 0 0
0.126006 368 8 0 0 255 255 0 0 0 0
0.127007 369 8 0 0 0 0 0 0 0 0
0.129006 384 8 0 50 0 50 0 50 0 0
0.130006 528 8 1 0 50 0 50 0 50 0
0.132006 529 8 0 0 50 0 50 0 50 0
0.133006 530 8 0 0 50 0 50 0 50 0
0.135006 531 8 0 0 50 0 50 0 50 0
0.136007 544 8 0 184 11 184 11 184 11 0
0.137008 545 8 0 184 11 184 11 184 11 0
0.138014 546 8 0 184 11 184 11 184 11 0
0.140007 547 8 0 184 11 184 11 184 11 0
0.141007 548 8 0 184 11 184 11 184 11 0
0.142007 549 8 0 184 11 184 11 184 11 0
0.143007 560 8 0 208 57 208 57 208 57 0
0.145007 561 8 0 208 57 208 57 208 57 0
0.146007 562 8 0 208 57 208 57 208 57 0
0.147008 563 8 0 208 57 208 57 208 57 0
0.154007 576 8 0 184 11 184 11 184 11 0
0.155007 577 8 0 184 11 184 11 184 11 0
0.156007 578 8 0 184 11 184 11 184 11 0
0.157008 579 8 0 184 11 184 11 184 11 0
0.158008 580 8 0 184 11 184 11 184 11 0
0.159008 581 8 0 184 11 184 11 184 11 0
0.161007 592 8 0 208 57 208 57 208 57 0
0.162008 593 8 0 208 57 208 57 208 57 0
0.163008 594 8 0 208 57 208 57 208 57 0
0.164009 595 8 0 208 57 208 57 208 57 0
0.17301 608 8 0 184 11 184 11 184 11 0
0.17501 609 8 0 184 11 184 11 184 11 0
0.177008 610 8 0 184 11 184 11 184 11 0
0.178022 611 8 0 184 11 184 11 184 11 0
0.180009 612 8 0 184 11 184 11 184 11 0
0.18101 613 8 0 184 11 184 11 184 11 0
0.183009 624 8 0 208 57 208 57 208 57 0
0.185008 625 8 0 208 57 208 57 208 57 0
0.186009 626 8 0 208 57 208 57 208 57 0
0.187009 627 8 0 208 57 208 57 208 57 0
0.195011 272 8 7 240 0 7 0 0 0 0
0.19701 273 8 0 0 0 0 0 0 0 0
0.198018 274 8 0 0 1 0 3 1 6 0
0.20001 277 8 0 0 0 0 0 0 0 0
0.20101 278 8 0 0 0 0 0 0 0 0
0.202012 640 8 0 184 11 184 11 184 11 0
0.204009 641 8 0 184 11 184 11 184 11 0
0.205011 642 8 0 184 11 184 11 184 11 0
0.207009 643 8 0 184 11 184 11 184 11 0
0.208011 644 8 0 184 11 184 11 184 11 0
0.209012 645 8 0 184 11 184 11 184 11 0
0.21101 656 8 0 208 57 208 57 208 57 0
0.21201 657 8 0 208 57 208 57 208 57 0
0.213011 658 8 0 208 57 208 57 208 57 0
0.21501 659 8 0 208 57 208 57 208 57 0
0.21601 672 8 0 184 11 184 11 184 11 0
0.21801 673 8 0 184 11 184 11 184 11 0
0.219012 674 8 0 184 11 184 11 184 11 0
0.22101 675 8 0 184 11 184 11 184 11 0
0.22201 676 8 0 184 11 184 11 184 11 0
0.22301 677 8 0 184 11 184 11 184 11 0
0.224011 304 8 0 0 0 0 0 0 0 0
0.225012 305 8 0 0 0 0 0 0 0 0
0.227011 368 8 0 0 255 255 0 0 0 0
0.228021 369 8 0 0 0 0 0 0 0 0
0.230011 384 8 0 50 0 50 0 50 0 0
0.231011 688 8 0 208 57 208 57 208 57 0
0.232013 689 8 0 208 57 208 57 208 57 0
0.234011 690 8 0 208 57 208 57 208 57 0
0.235011 691 8 0 208 57 208 57 208 57 0
0.236011 704 8 0 184 11 184 11 184 11 0
0.238064 705 8 0 184 11 184 11 184 11 0
0.240011 706 8 0 184 11 184 11 184 11 0
0.241011 707 8 0 184 11 184 11 184 11 0
0.243011 708 8 0 184 11 184 11 184 11 0
0.244012 709 8 0 184 11 184 11 184 11 0
0.245012 720 8 0 208 57 208 57 208 57 0
0.246012 721 8 0 208 57 208 57 208 57 0
0.247013 722 8 0 208 57 208 57 208 57 0
0.249011 723 8 0 208 57 208 57 208 57 0
0.254012 736 8 0 184 11 184 11 184 11 0
0.255014 737 8 0 184 11 184 11 184 11 0
0.257012 738 8 0 184 11 184 11 184 11 0
0.258012 739 8 0 184 11 184 11 184 11 0
0.259012 740 8 0 184 11 184 11 184 11 0
0.260012 741 8 0 184 11 184 11 184 11 0
0.261013 752 8 0 208 57 208 57 208 57 0
0.262014 753 8 0 208 57 208 57 208 57 0
0.264012 754 8 0 208 57 208 57 208 57 0
0.265012 755 8 0 208 57 208 57 208 57 0
0.295014 272 8 7 240 0 7 0 0 0 0
0.296014 273 8 0 0 0 0 0 0 0 0
0.298022 274 8 0 0 1 0 3 1 6 0
0.300014 277 8 0 0 0 0 0 0 0 0
0.302014 278 8 0 0 0 0 0 0 0 0
0.314014 512 8 0 0 0 0 0 0 0 0
0.315028 513 8 7 0 0 0 0 0 0 0
0.317015 514 8 7 0 0 0 0 0 0 0
0.318024 515 8 7 0 0 0 0 0 0 0
0.320015 516 8 0 184 11 184 11 184 11 0
0.321015 517 8 0 184 11 184 11 184 11 0
0.322015 304 8 0 0 0 0 0 0 0 0
0.324015 305 8 0 0 0 0 0 0 0 0
0.325015 368 8 0 0 255 255 0 0 0 0
0.327016 369 8 0 0 0 0 0 0 0 0
0.328016 384 8 0 50 0 50 0 50 0 0
0.343018 528 8 1 0 50 0 50 0 50 0
0.343018 529 8 0 0 50 0 50 0 50 0
0.343018 530 8 0 0 50 0 50 0 50 0
0.344017 531 8 0 0 50 0 50 0 50 0
0.344017 544 8 0 184 11 184 11 184 11 0
0.344017 545 8 0 184 11 184 11 184 11 0
0.344017 546 8 0 184 11 184 11 184 11 0
0.344017 547 8 0 184 11 184 11 184 11 0
0.344017 548 8 0 184 11 184 11 184 11 0
0.344017 549 8 0 184 11 184 11 184 11 0
0.345017 560 8 0 208 57 208 57 208 57 0
0.347016 561 8 0 208 57 208 57 208 57 0
0.348043 562 8 0 208 57 208 57 208 57 0
0.350016 563 8 0 208 57 208 57 208 57 0
0.354018 576 8 0 184 11 184 11 184 11 0
0.356017 577 8 0 184 11 184 11 184 11 0
0.357017 578 8 0 184 11 184 11 184 11 0
0.358017 579 8 0 184 11 184 11 184 11 0
0.360017 580 8 0 184 11 184 11 184 11 0
0.361017 581 8 0 184 11 184 11 184 11 0
0.362017 592 8 0 208 57 208 57 208 57 0
0.363017 593 8 0 208 57 208 57 208 57 0
0.365017 594 8 0 208 57 208 57 208 57 0
0.366019 595 8 0 208 57 208 57 208 57 0
0.374017 608 8 0 184 11 184 11 184 11 0
0.375019 609 8 0 184 11 184 11 184 11 0
0.37602 610 8 0 184 11 184 11 184 11 0
0.378035 611 8 0 184 11 184 11 184 11 0
0.38002 612 8 0 184 11 184 11 184 11 0
0.382018 613 8 0 184 11 184 11 184 11 0
0.383018 624 8 0 208 57 208 57 208 57 0
0.384018 625 8 0 208 57 208 57 208 57 0
0.386018 626 8 0 208 57 208 57 208 57 0
0.387018 627 8 0 208 57 208 57 208 57 0
0.394018 272 8 7 240 0 7 0 0 0 0
0.395018 273 8 0 0 0 0 0 0 0 0
0.39602 274 8 0 0 1 0 3 1 6 0
0.398019 277 8 0 0 0 0 0 0 0 0
0.399019 278 8 0 0 0 0 0 0 0 0
0.40102 640 8 0 184 11 184 11 184 11 0
0.403019 641 8 0 184 11 184 11 184 11 0
0.405019 642 8 0 184 11 184 11 184 11 0
0.406019 643 8 0 184 11 184 11 184 11 0
0.407019 644 8 0 184 11 184 11 184 11 0
0.40802 645 8 0 184 11 184 11 184 11 0
0.410019 656 8 0 208 57 208 57 208 57 0
0.411019 657 8 0 208 57 208 57 208 57 0
0.412019 658 8 0 208 57 208 57 208 57 0
0.41302 659 8 0 208 57 208 57 208 57 0
0.41402 672 8 0 184 11 184 11 184 11 0
0.41602 673 8 0 184 11 184 11 184 11 0
0.417021 674 8 0 184 11 184 11 184 11 0
0.418022 675 8 0 184 11 184 11 184 11 0
0.42002 676 8 0 184 11 184 11 184 11 0
0.42102 677 8 0 184 11 184 11 184 11 0
0.42202 304 8 0 0 0 0 0 0 0 0
0.424019 305 8 0 0 0 0 0 0 0 0
0.42502 368 8 0 0 255 255 0 0 0 0
0.42602 369 8 0 0 0 0 0 0 0 0
0.42702 384 8 0 50 0 50 0 50 0 0
0.42902 688 8 0 208 57 208 57 208 57 0
0.430022 689 8 0 208 57 208 57 208 57 0
0.43202 690 8 0 208 57 208 57 208 57 0
0.433021 691 8 0 208 57 208 57 208 57 0
0.43502 704 8 0 184 11 184 11 184 11 0
0.43702 705 8 0 184 11 184 11 184 11 0
0.438021 706 8 0 184 11 184 11 184 11 0
0.439021 707 8 0 184 11 184 11 184 11 0
0.44102 708 8 0 184 11 184 11 184 11 0
0.442021 709 8 0 184 11 184 11 184 11 0
0.443022 720 8 0 208 57 208 57 208 57 0
0.445021 721 8 0 208 57 208 57 208 57 0
0.447021 722 8 0 208 57 208 57 208 57 0
0.448021 723 8 0 208 57 208 57 208 57 0
0.455021 736 8 0 184 11 184 11 184 11 0
0.456023 737 8 0 184 11 184 11 184 11 0
0.458021 738 8 0 184 11 184 11 184 11 0
0.459023 739 8 0 184 11 184 11 184 11 0
0.461022 740 8 0 184 11 184 11 184 11 0
0.462022 741 8 0 184 11 184 11 184 11 0
0.464021 752 8 0 208 57 208 57 208 57 0
0.465022 753 8 0 208 57 208 57 208 57 0
0.466022 754 8 0 208 57 208 57 208 57 0
0.468022 755 8 0 208 57 208 57 208 57 0
0.493024 272 8 7 240 0 7 0 0 0 0
0.495023 273 8 0 0 0 0 0 0 0 0
0.496023 274 8 0 0 1 0 3 1 6 0
0.497023 277 8 0 0 0 0 0 0 0 0
0.498071 278 8 0 0 0 0 0 0 0 0
0.514024 512 8 0 0 0 0 0 0 0 0
0.515024 513 8 7 0 0 0 0 0 0 0
0.516025 514 8 7 0 0 0 0 0 0 0
0.517025 515 8 7 0 0 0 0 0 0 0
0.519025 516 8 0 184 11 184 11 184 11 0
0.521024 517 8 0 184 11 184 11 184 11 0
0.523024 304 8 0 0 0 0 0 0 0 0
0.524024 305 8 0 0 0 0 0 0 0 0
0.525026 368 8 0 0 255 255 0 0 0 0
0.527025 369 8 0 0 0 0 0 0 0 0
0.528128 384 8 0 50 0 50 0 50 0 0
0.530026 528 8 1 0 50 0 50 0 50 0
0.532025 529 8 0 0 50 0 50 0 50 0
0.533025 530 8 0 0 50 0 50 0 50 0
0.534026 531 8 0 0 50 0 50 0 50 0
0.536025 544 8 0 184 11 184 11 184 11 0
0.537026 545 8 0 184 11 184 11 184 11 0
0.539026 546 8 0 184 11 184 11 184 11 0
0.541027 547 8 0 184 11 184 11 184 11 0
0.542027 548 8 0 184 11 184 11 184 11 0
0.544025 549 8 0 184 11 184 11 184 11 0
0.545025 560 8 0 208 57 208 57 208 57 0
0.546026 561 8 0 208 57 208 57 208 57 0
0.548026 562 8 0 208 57 208 57 208 57 0
0.550025 563 8 0 208 57 208 57 208 57 0
0.554026 576 8 0 184 11 184 11 184 11 0
0.556026 577 8 0 184 11 184 11 184 11 0
0.557026 578 8 0 184 11 184 11 184 11 0
0.558033 579 8 0 184 11 184 11 184 11 0
0.560026 580 8 0 184 11 184 11 184 11 0
0.561026 581 8 0 184 11 184 11 184 11 0
0.562028 592 8 0 208 57 208 57 208 57 0
0.564026 593 8 0 208 57 208 57 208 57 0
0.565027 594 8 0 208 57 208 57 208 57 0
0.567026 595 8 0 208 57 208 57 208 57 0
0.574027 608 8 0 184 11 184 11 184 11 0
0.575027 609 8 0 184 11 184 11 184 11 0
0.577027 610 8 0 184 11 184 11 184 11 0
0.578027 611 8 0 184 11 184 11 184 11 0
0.579027 612 8 0 184 11 184 11 184 11 0
0.581027 613 8 0 184 11 184 11 184 11 0
0.582029 624 8 0 208 57 208 57 208 57 0
0.584027 625 8 0 208 57 208 57 208 57 0
0.585027 626 8 0 208 57 208 57 208 57 0
0.587027 627 8 0 208 57 208 57 208 57 0
0.594028 272 8 7 240 0 7 0 0 0 0
0.596028 273 8 0 0 0 0 0 0 0 0
0.597028 274 8 0 0 1 0 3 1 6 0
0.598028 277 8 0 0 0 0 0 0 0 0
0.600029 278 8 0 0 0 0 0 0 0 0
0.602028 640 8 0 184 11 184 11 184 11 0
0.603029 641 8 0 184 11 184 11 184 11 0
0.605029 642 8 0 184 11 184 11 184 11 0
0.607029 643 8 0 184 11 184 11 184 11 0
0.60803 644 8 0 184 11 184 11 184 11 0
0.610029 645 8 0 184 11 184 11 184 11 0
0.612029 656 8 0 208 57 208 57 208 57 0
0.613029 657 8 0 208 57 208 57 208 57 0
0.61503 658 8 0 208 57 208 57 208 57 0
0.617029 659 8 0 208 57 208 57 208 57 0
0.61803 672 8 0 184 11 184 11 184 11 0
0.620029 673 8 0 184 11 184 11 184 11 0
0.621034 674 8 0 184 11 184 11 184 11 0
0.623029 675 8 0 184 11 184 11 184 11 0
0.624029 676 8 0 184 11 184 11 184 11 0
0.625029 677 8 0 184 11 184 11 184 11 0
0.62703 304 8 0 0 0 0 0 0 0 0
0.62803 305 8 0 0 0 0 0 0 0 0
0.630029 368 8 0 0 255 255 0 0 0 0
0.63203 369 8 0 0 0 0 0 0 0 0
0.633031 384 8 0 50 0 50 0 50 0 0
0.647031 688 8 0 208 57 208 57 208 57 0
0.647031 689 8 0 208 57 208 57 208 57 0
0.648031 690 8 0 208 57 208 57 208 57 0
0.648031 691 8 0 208 57 208 57 208 57 0
0.648031 704 8 0 184 11 184 11 184 11 0
0.648031 705 8 0 184 11 184 11 184 11 0
0.648031 706 8 0 184 11 184 11 184 11 0
0.648031 707 8 0 184 11 184 11 184 11 0
0.648031 708 8 0 184 11 184 11 184 11 0
0.648031 709 8 0 184 11 184 11 184 11 0
0.648031 720 8 0 208 57 208 57 208 57 0
0.65003 721 8 0 208 57 208 57 208 57 0
0.651031 722 8 0 208 57 208 57 208 57 0
0.652031 723 8 0 208 57 208 57 208 57 0
0.65403 736 8 0 184 11 184 11 184 11 0
0.655031 737 8 0 184 11 184 11 184 11 0
0.657031 738 8 0 184 11 184 11 184 11 0
0.658031 739 8 0 184 11 184 11 184 11 0
0.659031 740 8 0 184 11 184 11 184 11 0
0.661031 741 8 0 184 11 184 11 184 11 0
0.662032 752 8 0 208 57 208 57 208 57 0
0.664031 753 8 0 208 57 208 57 208 57 0
0.665032 754 8 0 208 57 208 57 208 57 0
0.667032 755 8 0 208 57 208 57 208 57 0
0.695032 272 8 7 240 0 7 0 0 0 0
0.696033 273 8 0 0 0 0 0 0 0 0
0.697033 274 8 0 0 1 0 3 1 6 0
0.699032 277 8 0 0 0 0 0 0 0 0
0.700033 278 8 0 0 0 0 0 0 0 0
0.714033 512 8 0 0 0 0 0 0 0 0
0.715034 513 8 7 0 0 0 0 0 0 0
0.716035 514 8 7 0 0 0 0 0 0 0
0.718033 515 8 7 0 0 0 0 0 0 0
0.719034 516 8 0 184 11 184 11 184 11 0
0.721033 517 8 0 184 11 184 11 184 11 0
0.722033 304 8 0 0 0 0 0 0 0 0
0.723034 305 8 0 0 0 0 0 0 0 0
0.725034 368 8 0 0 255 255 0 0 0 0
0.726034 369 8 0 0 0 0 0 0 0 0
0.728034 384 8 0 50 0 50 0 50 0 0
0.729035 528 8 1 0 50 0 50 0 50 0
0.731035 529 8 0 0 50 0 50 0 50 0
0.733034 530 8 0 0 50 0 50 0 50 0
0.734034 531 8 0 0 50 0 50 0 50 0
0.735034 544 8 0 184 11 184 11 184 11 0
0.736035 545 8 0 184 11 184 11 184 11 0
0.737035 546 8 0 184 11 184 11 184 11 0
0.739036 547 8 0 184 11 184 11 184 11 0
0.740036 548 8 0 184 11 184 11 184 11 0
0.742035 549 8 0 184 11 184 11 184 11 0
0.744035 560 8 0 208 57 208 57 208 57 0
0.745035 561 8 0 208 57 208 57 208 57 0
0.747036 562 8 0 208 57 208 57 208 57 0
0.749036 563 8 0 208 57 208 57 208 57 0
0.753035 576 8 0 184 11 184 11 184 11 0
0.754035 577 8 0 184 11 184 11 184 11 0
0.755035 578 8 0 184 11 184 11 184 11 0
0.757035 579 8 0 184 11 184 11 184 11 0
0.758036 580 8 0 184 11 184 11 184 11 0
0.760035 581 8 0 184 11 184 11 184 11 0
0.761036 592 8 0 208 57 208 57 208 57 0
0.763035 593 8 0 208 57 208 57 208 57 0
0.764037 594 8 0 208 57 208 57 208 57 0
0.766036 595 8 0 208 57 208 57 208 57 0
0.774036 608 8 0 184 11 184 11 184 11 0
0.775036 609 8 0 184 11 184 11 184 11 0
0.776038 610 8 0 184 11 184 11 184 11 0
0.778036 611 8 0 184 11 184 11 184 11 0
0.779038 612 8 0 184 11 184 11 184 11 0
0.781038 613 8 0 184 11 184 11 184 11 0
0.783036 624 8 0 208 57 208 57 208 57 0
0.784036 625 8 0 208 57 208 57 208 57 0
0.785038 626 8 0 208 57 208 57 208 57 0
0.787037 627 8 0 208 57 208 57 208 57 0
0.795038 272 8 7 240 0 7 0 0 0 0
0.796039 273 8 0 0 0 0 0 0 0 0
0.798039 274 8 0 0 1 0 3 1 6 0
0.800037 277 8 0 0 0 0 0 0 0 0
0.801037 278 8 0 0 0 0 0 0 0 0
0.802038 640 8 0 184 11 184 11 184 11 0
0.803038 641 8 0 184 11 184 11 184 11 0
0.805039 642 8 0 184 11 184 11 184 11 0
0.807038 643 8 0 184 11 184 11 184 11 0
0.809037 644 8 0 184 11 184 11 184 11 0
0.810038 645 8 0 184 11 184 11 184 11 0
0.811039 656 8 0 208 57 208 57 208 57 0
0.813038 657 8 0 208 57 208 57 208 57 0
0.814039 658 8 0 208 57 208 57 208 57 0
0.816038 659 8 0 208 57 208 57 208 57 0
0.817038 672 8 0 184 11 184 11 184 11 0
0.818038 673 8 0 184 11 184 11 184 11 0
0.819039 674 8 0 184 11 184 11 184 11 0
0.82004 675 8 0 184 11 184 11 184 11 0
0.822039 676 8 0 184 11 184 11 184 11 0
0.824039 677 8 0 184 11 184 11 184 11 0
0.826039 304 8 0 0 0 0 0 0 0 0
0.828039 305 8 0 0 0 0 0 0 0 0
0.830038 368 8 0 0 255 255 0 0 0 0
0.831039 369 8 0 0 0 0 0 0 0 0
0.83204 384 8 0 50 0 50 0 50 0 0
0.834039 688 8 0 208 57 208 57 208 57 0
0.835039 689 8 0 208 57 208 57 208 57 0
0.837039 690 8 0 208 57 208 57 208 57 0
0.838039 691 8 0 208 57 208 57 208 57 0
0.839041 704 8 0 184 11 184 11 184 11 0
0.841039 705 8 0 184 11 184 11 184 11 0
0.84204 706 8 0 184 11 184 11 184 11 0
0.844041 707 8 0 184 11 184 11 184 11 0
0.846039 708 8 0 184 11 184 11 184 11 0
0.847041 709 8 0 184 11 184 11 184 11 0
0.84904 720 8 0 208 57 208 57 208 57 0
0.85104 721 8 0 208 57 208 57 208 57 0
0.85304 722 8 0 208 57 208 57 208 57 0
0.85404 723 8 0 208 57 208 57 208 57 0
0.85504 736 8 0 184 11 184 11 184 11 0
0.85704 737 8 0 184 11 184 11 184 11 0
0.85804 738 8 0 184 11 184 11 184 11 0
0.859041 739 8 0 184 11 184 11 184 11 0
0.86104 740 8 0 184 11 184 11 184 11 0
0.862041 741 8 0 184 11 184 11 184 11 0
0.863041 752 8 0 208 57 208 57 208 57 0
0.86504 753 8 0 208 57 208 57 208 57 0
0.866041 754 8 0 208 57 208 57 208 57 0
0.86808 755 8 0 208 57 208 57 208 57 0
0.893549 272 8 7 240 0 7 0 0 0 0
0.894551 273 8 0 0 0 0 0 0 0 0
0.89655 274 8 0 0 1 0 3 1 6 0
0.89855 277 8 0 0 0 0 0 0 0 0
0.900549 278 8 0 0 0 0 0 0 0 0
0.913551 512 8 0 0 0 0 0 0 0 0
0.91555 513 8 7 0 0 0 0 0 0 0
0.91655 514 8 7 0 0 0 0 0 0 0
0.917551 515 8 7 0 0 0 0 0 0 0
0.918551 516 8 0 184 11 184 11 184 11 0
0.920551 517 8 0 184 11 184 11 184 11 0
0.921552 304 8 0 0 0 0 0 0 0 0
0.922552 305 8 0 0 0 0 0 0 0 0
0.924551 320 8 0 0 0 0 0 0 0 0
0.925551 352 8 0 0 0 0 0 0 0 0
0.926551 368 8 0 0 255 255 0 0 0 0
0.928552 369 8 0 0 0 0 0 0 0 0
0.929552 384 8 0 50 0 50 0 50 0 0
0.944554 400 8 0 0 0 0 0 0 0 0
0.944554 416 8 1 0 0 0 0 0 0 0
0.944554 528 8 1 0 50 0 50 0 50 0
0.945553 529 8 0 0 50 0 50 0 50 0
0.945553 530 8 0 0 50 0 50 0 50 0
0.945553 531 8 0 0 50 0 50 0 50 0
0.945553 464 8 160 37 38 0 160 37 38 0
0.945553 465 8 160 37 38 0 160 37 38 0
0.946552 466 8 160 37 38 0 160 37 38 0
0.947552 480 8 160 37 38 0 160 37 38 0
0.949552 481 8 160 37 38 0 160 37 38 0
0.950553 482 8 160 37 38 0 160 37 38 0
0.951553 496 8 0 0 0 0 0 0 0 0
0.952554 544 8 0 184 11 184 11 184 11 0
0.954553 545 8 0 184 11 184 11 184 11 0
0.956552 546 8 0 184 11 184 11 184 11 0
0.957761 547 8 0 184 11 184 11 184 11 0
0.959552 548 8 0 184 11 184 11 184 11 0
0.961552 549 8 0 184 11 184 11 184 11 0
0.963552 560 8 0 208 57 208 57 208 57 0
0.964554 561 8 0 208 57 208 57 208 57 0
0.966553 562 8 0 208 57 208 57 208 57 0
0.968552 563 8 0 208 57 208 57 208 57 0
0.969553 576 8 0 184 11 184 11 184 11 0
0.970554 577 8 0 184 11 184 11 184 11 0
0.972553 578 8 0 184 11 184 11 184 11 0
0.973553 579 8 0 184 11 184 11 184 11 0
0.975553 580 8 0 184 11 184 11 184 11 0
0.976553 581 8 0 184 11 184 11 184 11 0
0.977553 592 8 0 208 57 208 57 208 57 0
0.979553 593 8 0 208 57 208 57 208 57 0
0.980553 594 8 0 208 57 208 57 208 57 0
0.981555 595 8 0 208 57 208 57 208 57 0
0.983553 608 8 0 184 11 184 11 184 11 0
0.985553 609 8 0 184 11 184 11 184 11 0
0.986554 610 8 0 184 11 184 11 184 11 0
0.987555 611 8 0 184 11 184 11 184 11 0
0.989555 612 8 0 184 11 184 11 184 11 0
0.991554 613 8 0 184 11 184 11 184 11 0
0.992554 624 8 0 208 57 208 57 208 57 0
0.994554 625 8 0 208 57 208 57 208 57 0
0.995556 626 8 0 208 57 208 57 208 57 0
0.996556 627 8 0 208 57 208 57 208 57 0
0.998554 272 8 7 240 0 7 0 0 0 0
0.999555 273 8 0 0 0 0 0 0 0 0
1.001554 274 8 0 0 1 0 3 1 6 0
1.002554 277 8 0 0 0 0 0 0 0 0
1.003556 278 8 0 0 0 0 0 0 0 0
1.005555 640 8 0 184 11 184 11 184 11 0
1.007555 641 8 0 184 11 184 11 184 11 0
1.009554 642 8 0 184 11 184 11 184 11 0
1.010555 643 8 0 184 11 184 11 184 11 0
1.012554 644 8 0 184 11 184 11 184 11 0
1.013556 645 8 0 184 11 184 11 184 11 0
1.015555 656 8 0 208 57 208 57 208 57 0
1.016556 657 8 0 208 57 208 57 208 57 0
1.018555 658 8 0 208 57 208 57 208 57 0
1.019555 659 8 0 208 57 208 57 208 57 0
1.020555 672 8 0 184 11 184 11 184 11 0
1.021557 673 8 0 184 11 184 11 184 11 0
1.023555 674 8 0 184 11 184 11 184 11 0
1.024556 675 8 0 184 11 184 11 184 11 0
1.026555 676 8 0 184 11 184 11 184 11 0
1.027557 677 8 0 184 11 184 11 184 11 0
1.029555 304 8 0 0 0 0 0 0 0 0
1.030556 305 8 0 0 0 0 0 0 0 0
1.031557 368 8 0 0 255 255 0 0 0 0
1.033556 369 8 0 0 0 0 0 0 0 0
1.034556 384 8 0 50 0 50 0 50 0 0
1.036556 688 8 0 208 57 208 57 208 57 0
1.037606 689 8 0 208 57 208 57 208 57 0
1.039556 690 8 0 208 57 208 57 208 57 0
1.040557 691 8 0 208 57 208 57 208 57 0
1.042556 704 8 0 184 11 184 11 184 11 0
1.043556 705 8 0 184 11 184 11 184 11 0
1.044556 706 8 0 184 11 184 11 184 11 0
1.045557 707 8 0 184 11 184 11 184 11 0
1.047761 708 8 0 184 11 184 11 184 11 0
1.048559 709 8 0 184 11 184 11 184 11 0
1.050556 720 8 0 208 57 208 57 208 57 0
1.051557 721 8 0 208 57 208 57 208 57 0
1.052558 722 8 0 208 57 208 57 208 57 0
1.054557 723 8 0 208 57 208 57 208 57 0
1.055557 736 8 0 184 11 184 11 184 11 0
1.056557 737 8 0 184 11 184 11 184 11 0
1.058558 738 8 0 184 11 184 11 184 11 0
1.060557 739 8 0 184 11 184 11 184 11 0
1.061557 740 8 0 184 11 184 11 184 11 0
1.063557 741 8 0 184 11 184 11 184 11 0
1.064557 752 8 0 208 57 208 57 208 57 0
1.065557 753 8 0 208 57 208 57 208 57 0
1.066557 754 8 0 208 57 208 57 208 57 0
1.067559 755 8 0 208 57 208 57 208 57 0
1.093558 272 8 7 240 0 7 0 0 0 0
1.094559 273 8 0 0 0 0 0 0 0 0
1.096558 274 8 0 0 1 0 3 1 6 0
1.098558 277 8 0 0 0 0 0 0 0 0
1.09956 278 8 0 0 0 0 0 0 0 0
1.11356 512 8 0 0 0 0 0 0 0 0
1.11456 513 8 7 0 0 0 0 0 0 0
1.115561 514 8 7 0 0 0 0 0 0 0
1.11756 515 8 7 0 0 0 0 0 0 0
1.11856 516 8 0 184 11 184 11 184 11 0
1.119562 517 8 0 184 11 184 11 184 11 0
1.12156 304 8 0 0 0 0 0 0 0 0
1.122627 305 8 0 0 0 0 0 0 0 0
1.124561 368 8 0 0 255 255 0 0 0 0
1.12656 369 8 0 0 0 0 0 0 0 0
1.12756 384 8 0 50 0 50 0 50 0 0
1.12856 528 8 1 0 50 0 50 0 50 0
1.13056 529 8 0 0 50 0 50 0 50 0
1.131561 530 8 0 0 50 0 50 0 50 0
1.133561 531 8 0 0 50 0 50 0 50 0
1.135561 544 8 0 184 11 184 11 184 11 0
1.136561 545 8 0 184 11 184 11 184 11 0
1.138562 546 8 0 184 11 184 11 184 11 0
1.140562 547 8 0 184 11 184 11 184 11 0
1.142561 548 8 0 184 11 184 11 184 11 0
1.143561 549 8 0 184 11 184 11 184 11 0
1.144561 560 8 0 208 57 208 57 208 57 0
1.146561 561 8 0 208 57 208 57 208 57 0
1.147563 562 8 0 208 57 208 57 208 57 0
1.149561 563 8 0 208 57 208 57 208 57 0
1.153561 576 8 0 184 11 184 11 184 11 0
1.154561 577 8 0 184 11 184 11 184 11 0
1.156561 578 8 0 184 11 184 11 184 11 0
1.157562 579 8 0 184 11 184 11 184 11 0
1.158563 580 8 0 184 11 184 11 184 11 0
1.160561 581 8 0 184 11 184 11 184 11 0
1.161562 592 8 0 208 57 208 57 208 57 0
1.163562 593 8 0 208 57 208 57 208 57 0
1.164562 594 8 0 208 57 208 57 208 57 0
1.165562 595 8 0 208 57 208 57 208 57 0
1.174562 608 8 0 184 11 184 11 184 11 0
1.175562 609 8 0 184 11 184 11 184 11 0
1.176563 610 8 0 184 11 184 11 184 11 0
1.178562 611 8 0 184 11 184 11 184 11 0
1.179563 612 8 0 184 11 184 11 184 11 0
1.180563 613 8 0 184 11 184 11 184 11 0
1.182562 624 8 0 208 57 208 57 208 57 0
1.183563 625 8 0 208 57 208 57 208 57 0
1.184563 626 8 0 208 57 208 57 208 57 0
1.185565 627 8 0 208 57 208 57 208 57 0
1.193563 272 8 7 240 0 7 0 0 0 0
1.194564 273 8 0 0 0 0 0 0 0 0
1.195564 274 8 0 0 1 0 3 1 6 0
1.196565 277 8 0 0 0 0 0 0 0 0
1.198565 278 8 0 0 0 0 0 0 0 0
1.200563 640 8 0 184 11 184 11 184 11 0
1.201564 641 8 0 184 11 184 11 184 11 0
1.203563 642 8 0 184 11 184 11 184 11 0
1.204564 643 8 0 184 11 184 11 184 11 0
1.205565 644 8 0 184 11 184 11 184 11 0
1.207564 645 8 0 184 11 184 11 184 11 0
1.209564 656 8 0 208 57 208 57 208 57 0
1.211564 657 8 0 208 57 208 57 208 57 0
1.213564 658 8 0 208 57 208 57 208 57 0
1.214564 659 8 0 208 57 208 57 208 57 0
1.215565 672 8 0 184 11 184 11 184 11 0
1.217564 673 8 0 184 11 184 11 184 11 0
1.218565 674 8 0 184 11 184 11 184 11 0
1.220564 675 8 0 184 11 184 11 184 11 0
1.221565 676 8 0 184 11 184 11 184 11 0
1.223566 677 8 0 184 11 184 11 184 11 0
1.225566 304 8 0 0 0 0 0 0 0 0
1.227565 305 8 0 0 0 0 0 0 0 0
1.229565 368 8 0 0 255 255 0 0 0 0
1.230567 369 8 0 0 0 0 0 0 0 0
1.233566 384 8 0 50 0 50 0 50 0 0
1.248567 688 8 0 208 57 208 57 208 57 0
1.248567 689 8 0 208 57 208 57 208 57 0
1.248567 690 8 0 208 57 208 57 208 57 0
1.249566 691 8 0 208 57 208 57 208 57 0
1.249566 704 8 0 184 11 184 11 184 11 0
1.249566 705 8 0 184 11 184 11 184 11 0
1.249566 706 8 0 184 11 184 11 184 11 0
1.249566 707 8 0 184 11 184 11 184 11 0
1.249566 708 8 0 184 11 184 11 184 11 0
1.249566 709 8 0 184 11 184 11 184 11 0
1.250568 720 8 0 208 57 208 57 208 57 0
1.250568 721 8 0 208 57 208 57 208 57 0
1.252566 722 8 0 208 57 208 57 208 57 0
1.253567 723 8 0 208 57 208 57 208 57 0
1.254567 736 8 0 184 11 184 11 184 11 0
1.256567 737 8 0 184 11 184 11 184 11 0
1.257571 738 8 0 184 11 184 11 184 11 0
1.259568 739 8 0 184 11 184 11 184 11 0
1.261566 740 8 0 184 11 184 11 184 11 0
1.262568 741 8 0 184 11 184 11 184 11 0
1.264567 752 8 0 208 57 208 57 208 57 0
1.266568 753 8 0 208 57 208 57 208 57 0
1.268566 754 8 0 208 57 208 57 208 57 0
1.269567 755 8 0 208 57 208 57 208 57 0
1.294577 272 8 7 240 0 7 0 0 0 0
1.296568 273 8 0 0 0 0 0 0 0 0
1.297568 274 8 0 0 1 0 3 1 6 0
1.298569 277 8 0 0 0 0 0 0 0 0
1.300569 278 8 0 0 0 0 0 0 0 0
1.313569 512 8 0 0 0 0 0 0 0 0
1.314569 513 8 7 0 0 0 0 0 0 0
1.316569 514 8 7 0 0 0 0 0 0 0
1.317569 515 8 7 0 0 0 0 0 0 0
1.319569 516 8 0 184 11 184 11 184 11 0
1.320571 517 8 0 184 11 184 11 184 11 0
1.322569 304 8 0 0 0 0 0 0 0 0
1.323569 305 8 0 0 0 0 0 0 0 0
1.324571 368 8 0 0 255 255 0 0 0 0
1.326569 369 8 0 0 0 0 0 0 0 0
1.32757 384 8 0 50 0 50 0 50 0 0
1.329569 528 8 1 0 50 0 50 0 50 0
1.33057 529 8 0 0 50 0 50 0 50 0
1.33157 530 8 0 0 50 0 50 0 50 0
1.333569 531 8 0 0 50 0 50 0 50 0
1.33457 544 8 0 184 11 184 11 184 11 0
1.33557 545 8 0 184 11 184 11 184 11 0
1.33657 546 8 0 184 11 184 11 184 11 0
1.33857 547 8 0 184 11 184 11 184 11 0
1.339572 548 8 0 184 11 184 11 184 11 0
1.34157 549 8 0 184 11 184 11 184 11 0
1.34257 560 8 0 208 57 208 57 208 57 0
1.34357 561 8 0 208 57 208 57 208 57 0
1.344571 562 8 0 208 57 208 57 208 57 0
1.34657 563 8 0 208 57 208 57 208 57 0
1.353571 576 8 0 184 11 184 11 184 11 0
1.354572 577 8 0 184 11 184 11 184 11 0
1.356571 578 8 0 184 11 184 11 184 11 0
1.357571 579 8 0 184 11 184 11 184 11 0
1.359571 580 8 0 184 11 184 11 184 11 0
1.360571 581 8 0 184 11 184 11 184 11 0
1.362571 592 8 0 208 57 208 57 208 57 0
1.363571 593 8 0 208 57 208 57 208 57 0
1.364573 594 8 0 208 57 208 57 208 57 0
1.366571 595 8 0 208 57 208 57 208 57 0
1.373572 608 8 0 184 11 184 11 184 11 0
1.375571 609 8 0 184 11 184 11 184 11 0
1.376572 610 8 0 184 11 184 11 184 11 0
1.377572 611 8 0 184 11 184 11 184 11 0
1.378572 612 8 0 184 11 184 11 184 11 0
1.379572 613 8 0 184 11 184 11 184 11 0
1.380573 624 8 0 208 57 208 57 208 57 0
1.381573 625 8 0 208 57 208 57 208 57 0
1.383572 626 8 0 208 57 208 57 208 57 0
1.384572 627 8 0 208 57 208 57 208 57 0
1.393574 272 8 7 240 0 7 0 0 0 0
1.394574 273 8 0 0 0 0 0 0 0 0
1.396573 274 8 0 0 1 0 3 1 6 0
1.397714 277 8 0 0 0 0 0 0 0 0
1.398575 278 8 0 0 0 0 0 0 0 0
1.400573 640 8 0 184 11 184 11 184 11 0
1.402573 641 8 0 184 11 184 11 184 11 0
1.403573 642 8 0 184 11 184 11 184 11 0
1.404573 643 8 0 184 11 184 11 184 11 0
1.405575 644 8 0 184 11 184 11 184 11 0
1.407573 645 8 0 184 11 184 11 184 11 0
1.408573 656 8 0 208 57 208 57 208 57 0
1.409574 657 8 0 208 57 208 57 208 57 0
1.410574 658 8 0 208 57 208 57 208 57 0
1.412573 659 8 0 208 57 208 57 208 57 0
1.413573 672 8 0 184 11 184 11 184 11 0
1.414573 673 8 0 184 11 184 11 184 11 0
1.415574 674 8 0 184 11 184 11 184 11 0
1.416574 675 8 0 184 11 184 11 184 11 0
1.418574 676 8 0 184 11 184 11 184 11 0
1.420573 677 8 0 184 11 184 11 184 11 0
1.421574 304 8 0 0 0 0 0 0 0 0
1.422575 305 8 0 0 0 0 0 0 0 0
1.424574 368 8 0 0 255 255 0 0 0 0
1.425574 369 8 0 0 0 0 0 0 0 0
1.426575 384 8 0 50 0 50 0 50 0 0
1.428574 688 8 0 208 57 208 57 208 57 0
1.429576 689 8 0 208 57 208 57 208 57 0
1.431574 690 8 0 208 57 208 57 208 57 0
1.432575 691 8 0 208 57 208 57 208 57 0
1.433576 704 8 0 184 11 184 11 184 11 0
1.435574 705 8 0 184 11 184 11 184 11 0
1.436575 706 8 0 184 11 184 11 184 11 0
1.437576 707 8 0 184 11 184 11 184 11 0
1.439574 708 8 0 184 11 184 11 184 11 0
1.440575 709 8 0 184 11 184 11 184 11 0
1.442575 720 8 0 208 57 208 57 208 57 0
1.443576 721 8 0 208 57 208 57 208 57 0
1.445575 722 8 0 208 57 208 57 208 57 0
1.446576 723 8 0 208 57 208 57 208 57 0
1.454575 736 8 0 184 11 184 11 184 11 0
1.455576 737 8 0 184 11 184 11 184 11 0
1.457622 738 8 0 184 11 184 11 184 11 0
1.459575 739 8 0 184 11 184 11 184 11 0
1.460576 740 8 0 184 11 184 11 184 11 0
1.462575 741 8 0 184 11 184 11 184 11 0
1.463576 752 8 0 208 57 208 57 208 57 0
1.465576 753 8 0 208 57 208 57 208 57 0
1.466578 754 8 0 208 57 208 57 208 57 0
1.468577 755 8 0 208 57 208 57 208 57 0
1.494577 272 8 7 240 0 7 0 0 0 0
1.495577 273 8 0 0 0 0 0 0 0 0
1.496579 274 8 0 0 1 0 3 1 6 0
1.498577 277 8 0 0 0 0 0 0 0 0
1.499579 278 8 0 0 0 0 0 0 0 0
1.513578 512 8 0 0 0 0 0 0 0 0
1.514578 513 8 7 0 0 0 0 0 0 0
1.515578 514 8 7 0 0 0 0 0 0 0
1.516578 515 8 7 0 0 0 0 0 0 0
1.517617 516 8 0 184 11 184 11 184 11 0
1.51958 517 8 0 184 11 184 11 184 11 0
1.52058 304 8 0 0 0 0 0 0 0 0
1.522578 305 8 0 0 0 0 0 0 0 0
1.523578 368 8 0 0 255 255 0 0 0 0
1.524599 369 8 0 0 0 0 0 0 0 0
1.52658 384 8 0 50 0 50 0 50 0 0
1.54158 528 8 1 0 50 0 50 0 50 0
1.54158 529 8 0 0 50 0 50 0 50 0
1.54258 530 8 0 0 50 0 50 0 50 0
1.54258 531 8 0 0 50 0 50 0 50 0
1.54258 544 8 0 184 11 184 11 184 11 0
1.54258 545 8 0 184 11 184 11 184 11 0
1.54258 546 8 0 184 11 184 11 184 11 0
1.54358 547 8 0 184 11 184 11 184 11 0
1.54358 548 8 0 184 11 184 11 184 11 0
1.544579 549 8 0 184 11 184 11 184 11 0
1.545581 560 8 0 208 57 208 57 208 57 0
1.547706 561 8 0 208 57 208 57 208 57 0
1.54858 562 8 0 208 57 208 57 208 57 0
1.55058 563 8 0 208 57 208 57 208 57 0
1.553581 576 8 0 184 11 184 11 184 11 0
1.55558 577 8 0 184 11 184 11 184 11 0
1.55658 578 8 0 184 11 184 11 184 11 0
1.55758 579 8 0 184 11 184 11 184 11 0
1.558581 580 8 0 184 11 184 11 184 11 0
1.56058 581 8 0 184 11 184 11 184 11 0
1.56258 592 8 0 208 57 208 57 208 57 0
1.563581 593 8 0 208 57 208 57 208 57 0
1.565581 594 8 0 208 57 208 57 208 57 0
1.567581 595 8 0 208 57 208 57 208 57 0
1.574581 608 8 0 184 11 184 11 184 11 0
1.576581 609 8 0 184 11 184 11 184 11 0
1.577582 610 8 0 184 11 184 11 184 11 0
1.579581 611 8 0 184 11 184 11 184 11 0
1.580581 612 8 0 184 11 184 11 184 11 0
1.582581 613 8 0 184 11 184 11 184 11 0
1.583581 624 8 0 208 57 208 57 208 57 0
1.584581 625 8 0 208 57 208 57 208 57 0
1.585582 626 8 0 208 57 208 57 208 57 0
1.587581 627 8 0 208 57 208 57 208 57 0
1.593582 272 8 7 240 0 7 0 0 0 0
1.594582 273 8 0 0 0 0 0 0 0 0
1.596582 274 8 0 0 1 0 3 1 6 0
1.597584 277 8 0 0 0 0 0 0 0 0
1.599582 278 8 0 0 0 0 0 0 0 0
1.600583 640 8 0 184 11 184 11 184 11 0
1.601584 641 8 0 184 11 184 11 184 11 0
1.603582 642 8 0 184 11 184 11 184 11 0
1.604582 643 8 0 184 11 184 11 184 11 0
1.605582 644 8 0 184 11 184 11 184 11 0
1.607582 645 8 0 184 11 184 11 184 11 0
1.608583 656 8 0 208 57 208 57 208 57 0
1.610582 657 8 0 208 57 208 57 208 57 0
1.612584 658 8 0 208 57 208 57 208 57 0
1.614582 659 8 0 208 57 208 57 208 57 0
1.615583 672 8 0 184 11 184 11 184 11 0
1.616584 673 8 0 184 11 184 11 184 11 0
1.618583 674 8 0 184 11 184 11 184 11 0
1.620583 675 8 0 184 11 184 11 184 11 0
1.621583 676 8 0 184 11 184 11 184 11 0
1.622584 677 8 0 184 11 184 11 184 11 0
1.624585 304 8 0 0 0 0 0 0 0 0
1.626583 305 8 0 0 0 0 0 0 0 0
1.627584 368 8 0 0 255 255 0 0 0 0
1.629583 369 8 0 0 0 0 0 0 0 0
1.630583 384 8 0 50 0 50 0 50 0 0
1.631583 688 8 0 208 57 208 57 208 57 0
1.632585 689 8 0 208 57 208 57 208 57 0
1.634583 690 8 0 208 57 208 57 208 57 0
1.635584 691 8 0 208 57 208 57 208 57 0
1.636584 704 8 0 184 11 184 11 184 11 0
1.637584 705 8 0 184 11 184 11 184 11 0
1.639584 706 8 0 184 11 184 11 184 11 0
1.641584 707 8 0 184 11 184 11 184 11 0
1.642584 708 8 0 184 11 184 11 184 11 0
1.644584 709 8 0 184 11 184 11 184 11 0
1.645584 720 8 0 208 57 208 57 208 57 0
1.647585 721 8 0 208 57 208 57 208 57 0
1.648586 722 8 0 208 57 208 57 208 57 0
1.650585 723 8 0 208 57 208 57 208 57 0
1.653585 736 8 0 184 11 184 11 184 11 0
1.655585 737 8 0 184 11 184 11 184 11 0
1.656585 738 8 0 184 11 184 11 184 11 0
1.657585 739 8 0 184 11 184 11 184 11 0
1.658585 740 8 0 184 11 184 11 184 11 0
1.660586 741 8 0 184 11 184 11 184 11 0
1.662585 752 8 0 208 57 208 57 208 57 0
1.663585 753 8 0 208 57 208 57 208 57 0
1.664585 754 8 0 208 57 208 57 208 57 0
1.665586 755 8 0 208 57 208 57 208 57 0
1.693586 272 8 7 240 0 7 0 0 0 0
1.694587 273 8 0 0 0 0 0 0 0 0
1.695589 274 8 0 0 1 0 3 1 6 0
1.697588 277 8 0 0 0 0 0 0 0 0
1.699587 278 8 0 0 0 0 0 0 0 0
1.714587 512 8 0 0 0 0 0 0 0 0
1.715588 513 8 7 0 0 0 0 0 0 0
1.716589 514 8 7 0 0 0 0 0 0 0
1.717633 515 8 7 0 0 0 0 0 0 0
1.719588 516 8 0 184 11 184 11 184 11 0
1.72059 517 8 0 184 11 184 11 184 11 0
1.722587 304 8 0 0 0 0 0 0 0 0
1.723588 305 8 0 0 0 0 0 0 0 0
1.724588 368 8 0 0 255 255 0 0 0 0
1.725588 369 8 0 0 0 0 0 0 0 0
1.726588 384 8 0 50 0 50 0 50 0 0
1.727588 528 8 1 0 50 0 50 0 50 0
1.729589 529 8 0 0 50 0 50 0 50 0
1.73059 530 8 0 0 50 0 50 0 50 0
1.732588 531 8 0 0 50 0 50 0 50 0
1.733589 544 8 0 184 11 184 11 184 11 0
1.734589 545 8 0 184 11 184 11 184 11 0
1.735589 546 8 0 184 11 184 11 184 11 0
1.737729 547 8 0 184 11 184 11 184 11 0
1.738588 548 8 0 184 11 184 11 184 11 0
1.739589 549 8 0 184 11 184 11 184 11 0
1.740589 560 8 0 208 57 208 57 208 57 0
1.741589 561 8 0 208 57 208 57 208 57 0
1.74259 562 8 0 208 57 208 57 208 57 0
1.744589 563 8 0 208 57 208 57 208 57 0
1.753589 576 8 0 184 11 184 11 184 11 0
1.754589 577 8 0 184 11 184 11 184 11 0
1.75559 578 8 0 184 11 184 11 184 11 0
1.75659 579 8 0 184 11 184 11 184 11 0
1.758589 580 8 0 184 11 184 11 184 11 0
1.760589 581 8 0 184 11 184 11 184 11 0
1.76159 592 8 0 208 57 208 57 208 57 0
1.763589 593 8 0 208 57 208 57 208 57 0
1.764591 594 8 0 208 57 208 57 208 57 0
1.766591 595 8 0 208 57 208 57 208 57 0
1.77359 608 8 0 184 11 184 11 184 11 0
1.77559 609 8 0 184 11 184 11 184 11 0
1.776592 610 8 0 184 11 184 11 184 11 0
1.777738 611 8 0 184 11 184 11 184 11 0
1.77959 612 8 0 184 11 184 11 184 11 0
1.780592 613 8 0 184 11 184 11 184 11 0
1.782592 624 8 0 208 57 208 57 208 57 0
1.783592 625 8 0 208 57 208 57 208 57 0
1.785591 626 8 0 208 57 208 57 208 57 0
1.786591 627 8 0 208 57 208 57 208 57 0
1.794591 272 8 7 240 0 7 0 0 0 0
1.795592 273 8 0 0 0 0 0 0 0 0
1.796592 274 8 0 0 1 0 3 1 6 0
1.798592 277 8 0 0 0 0 0 0 0 0
1.799593 278 8 0 0 0 0 0 0 0 0
1.801593 640 8 0 184 11 184 11 184 11 0
1.803592 641 8 0 184 11 184 11 184 11 0
1.804593 642 8 0 184 11 184 11 184 11 0
1.806592 643 8 0 184 11 184 11 184 11 0
1.807592 644 8 0 184 11 184 11 184 11 0
1.808592 645 8 0 184 11 184 11 184 11 0
1.810594 656 8 0 208 57 208 57 208 57 0
1.812593 657 8 0 208 57 208 57 208 57 0
1.814593 658 8 0 208 57 208 57 208 57 0
1.816593 659 8 0 208 57 208 57 208 57 0
1.818592 672 8 0 184 11 184 11 184 11 0
1.819592 673 8 0 184 11 184 11 184 11 0
1.820592 674 8 0 184 11 184 11 184 11 0
1.821594 675 8 0 184 11 184 11 184 11 0
1.823592 676 8 0 184 11 184 11 184 11 0
1.824592 677 8 0 184 11 184 11 184 11 0
1.825593 304 8 0 0 0 0 0 0 0 0
1.826593 305 8 0 0 0 0 0 0 0 0
1.827594 368 8 0 0 255 255 0 0 0 0
1.830593 369 8 0 0 0 0 0 0 0 0
1.831593 384 8 0 50 0 50 0 50 0 0
1.845595 688 8 0 208 57 208 57 208 57 0
1.845595 689 8 0 208 57 208 57 208 57 0
1.845595 690 8 0 208 57 208 57 208 57 0
1.845595 691 8 0 208 57 208 57 208 57 0
1.845595 704 8 0 184 11 184 11 184 11 0
1.846594 705 8 0 184 11 184 11 184 11 0
1.846594 706 8 0 184 11 184 11 184 11 0
1.846594 707 8 0 184 11 184 11 184 11 0
1.846594 708 8 0 184 11 184 11 184 11 0
1.846594 709 8 0 184 11 184 11 184 11 0
1.847595 720 8 0 208 57 208 57 208 57 0
1.849594 721 8 0 208 57 208 57 208 57 0
1.851594 722 8 0 208 57 208 57 208 57 0
1.852594 723 8 0 208 57 208 57 208 57 0
1.853594 736 8 0 184 11 184 11 184 11 0
1.854595 737 8 0 184 11 184 11 184 11 0
1.856594 738 8 0 184 11 184 11 184 11 0
1.857734 739 8 0 184 11 184 11 184 11 0
1.859594 740 8 0 184 11 184 11 184 11 0
1.860594 741 8 0 184 11 184 11 184 11 0
1.862596 752 8 0 208 57 208 57 208 57 0
1.864594 753 8 0 208 57 208 57 208 57 0
1.865595 754 8 0 208 57 208 57 208 57 0
1.867722 755 8 0 208 57 208 57 208 57 0
1.894596 272 8 7 240 0 7 0 0 0 0
1.895596 273 8 0 0 0 0 0 0 0 0
1.896596 274 8 0 0 1 0 3 1 6 0
1.897842 277 8 0 0 0 0 0 0 0 0
1.899597 278 8 0 0 0 0 0 0 0 0
1.914596 512 8 0 0 0 0 0 0 0 0
1.915599 513 8 7 0 0 0 0 0 0 0
1.917597 514 8 7 0 0 0 0 0 0 0
1.918598 515 8 7 0 0 0 0 0 0 0
1.920597 516 8 0 184 11 184 11 184 11 0
1.921597 517 8 0 184 11 184 11 184 11 0
1.923598 304 8 0 0 0 0 0 0 0 0
1.925597 305 8 0 0 0 0 0 0 0 0
1.926597 320 8 0 0 0 0 0 0 0 0
1.927599 352 8 0 0 0 0 0 0 0 0
1.929597 368 8 0 0 255 255 0 0 0 0
1.930597 369 8 0 0 0 0 0 0 0 0
1.931598 384 8 0 50 0 50 0 50 0 0
1.932598 400 8 0 0 0 0 0 0 0 0
1.933598 416 8 1 0 0 0 0 0 0 0
1.935598 528 8 1 0 50 0 50 0 50 0
1.936599 529 8 0 0 50 0 50 0 50 0
1.938598 530 8 0 0 50 0 50 0 50 0
1.939598 531 8 0 0 50 0 50 0 50 0
1.941598 464 8 160 37 38 0 160 37 38 0
1.942599 465 8 160 37 38 0 160 37 38 0
1.944598 466 8 160 37 38 0 160 37 38 0
1.945598 480 8 160 37 38 0 160 37 38 0
1.946599 481 8 160 37 38 0 160 37 38 0
1.948599 482 8 160 37 38 0 160 37 38 0
1.949599 496 8 0 0 0 0 0 0 0 0
1.951598 544 8 0 184 11 184 11 184 11 0
1.9526 545 8 0 184 11 184 11 184 11 0
1.9546 546 8 0 184 11 184 11 184 11 0
1.9566 547 8 0 184 11 184 11 184 11 0
1.958126 548 8 0 184 11 184 11 184 11 0
1.9596 549 8 0 184 11 184 11 184 11 0
1.961599 560 8 0 208 57 208 57 208 57 0
1.962599 561 8 0 208 57 208 57 208 57 0
1.9636 562 8 0 208 57 208 57 208 57 0
1.9646 563 8 0 208 57 208 57 208 57 0
1.966599 576 8 0 184 11 184 11 184 11 0
1.967599 577 8 0 184 11 184 11 184 11 0
1.969599 578 8 0 184 11 184 11 184 11 0
1.970599 579 8 0 184 11 184 11 184 11 0
1.971599 580 8 0 184 11 184 11 184 11 0
1.9726 581 8 0 184 11 184 11 184 11 0
1.973601 592 8 0 208 57 208 57 208 57 0
1.9756 593 8 0 208 57 208 57 208 57 0
1.9766 594 8 0 208 57 208 57 208 57 0
1.9786 595 8 0 208 57 208 57 208 57 0
1.979601 608 8 0 184 11 184 11 184 11 0
1.981601 609 8 0 184 11 184 11 184 11 0
1.9836 610 8 0 184 11 184 11 184 11 0
1.9846 611 8 0 184 11 184 11 184 11 0
1.985601 612 8 0 184 11 184 11 184 11 0
1.9876 613 8 0 184 11 184 11 184 11 0
1.9886 624 8 0 208 57 208 57 208 57 0
1.9906 625 8 0 208 57 208 57 208 57 0
1.9916 626 8 0 208 57 208 57 208 57 0
1.993601 627 8 0 208 57 208 57 208 57 0
1.995601 272 8 7 240 0 7 0 0 0 0
1.9976 273 8 0 0 0 0 0 0 0 0
1.998601 274 8 0 0 1 0 3 1 6 0
1.999601 277 8 0 0 0 0 0 0 0 0
2.000602 278 8 0 0 0 0 0 0 0 0
2.001602 640 8 0 184 11 184 11 184 11 0
2.003602 641 8 0 184 11 184 11 184 11 0
2.005603 642 8 0 184 11 184 11 184 11 0
2.007601 643 8 0 184 11 184 11 184 11 0
2.009601 644 8 0 184 11 184 11 184 11 0
2.010601 645 8 0 184 11 184 11 184 11 0
2.011603 656 8 0 208 57 208 57 208 57 0
2.013601 657 8 0 208 57 208 57 208 57 0
2.014601 658 8 0 208 57 208 57 208 57 0
2.015601 659 8 0 208 57 208 57 208 57 0
2.016601 672 8 0 184 11 184 11 184 11 0
2.017602 673 8 0 184 11 184 11 184 11 0
2.019602 674 8 0 184 11 184 11 184 11 0
2.021601 675 8 0 184 11 184 11 184 11 0
2.022602 676 8 0 184 11 184 11 184 11 0
2.024602 677 8 0 184 11 184 11 184 11 0
2.025602 304 8 0 0 0 0 0 0 0 0
2.026602 305 8 0 0 0 0 0 0 0 0
2.027602 368 8 0 0 255 255 0 0 0 0
2.029602 369 8 0 0 0 0 0 0 0 0
2.031604 384 8 0 50 0 50 0 50 0 0
2.033602 688 8 0 208 57 208 57 208 57 0
2.034602 689 8 0 208 57 208 57 208 57 0
2.035603 690 8 0 208 57 208 57 208 57 0
2.036603 691 8 0 208 57 208 57 208 57 0
2.037604 704 8 0 184 11 184 11 184 11 0
2.039604 705 8 0 184 11 184 11 184 11 0
2.041602 706 8 0 184 11 184 11 184 11 0
2.042603 707 8 0 184 11 184 11 184 11 0
2.043603 708 8 0 184 11 184 11 184 11 0
2.045603 709 8 0 184 11 184 11 184 11 0
2.046604 720 8 0 208 57 208 57 208 57 0
2.047604 721 8 0 208 57 208 57 208 57 0
2.049603 722 8 0 208 57 208 57 208 57 0
2.051603 723 8 0 208 57 208 57 208 57 0
2.053604 736 8 0 184 11 184 11 184 11 0
2.054608 737 8 0 184 11 184 11 184 11 0
2.056603 738 8 0 184 11 184 11 184 11 0
2.057604 739 8 0 184 11 184 11 184 11 0
2.059605 740 8 0 184 11 184 11 184 11 0
2.061604 741 8 0 184 11 184 11 184 11 0
2.062605 752 8 0 208 57 208 57 208 57 0
2.064604 753 8 0 208 57 208 57 208 57 0
2.065605 754 8 0 208 57 208 57 208 57 0
2.067605 755 8 0 208 57 208 57 208 57 0
2.094605 272 8 7 240 0 7 0 0 0 0
2.095607 273 8 0 0 0 0 0 0 0 0
2.097605 274 8 0 0 1 0 3 1 6 0
2.098606 277 8 0 0 0 0 0 0 0 0
2.100605 278 8 0 0 0 0 0 0 0 0
2.113606 512 8 0 0 0 0 0 0 0 0
2.114606 513 8 7 0 0 0 0 0 0 0
2.115607 514 8 7 0 0 0 0 0 0 0
2.116608 515 8 7 0 0 0 0 0 0 0
2.118606 516 8 0 184 11 184 11 184 11 0
2.119607 517 8 0 184 11 184 11 184 11 0
2.121606 304 8 0 0 0 0 0 0 0 0
2.122607 305 8 0 0 0 0 0 0 0 0
2.123608 368 8 0 0 255 255 0 0 0 0
2.124608 369 8 0 0 0 0 0 0 0 0
2.126607 384 8 0 50 0 50 0 50 0 0
2.143609 528 8 1 0 50 0 50 0 50 0
2.143609 529 8 0 0 50 0 50 0 50 0
2.143609 530 8 0 0 50 0 50 0 50 0
2.143609 531 8 0 0 50 0 50 0 50 0
2.143609 544 8 0 184 11 184 11 184 11 0
2.144608 545 8 0 184 11 184 11 184 11 0
2.144608 546 8 0 184 11 184 11 184 11 0
2.144608 547 8 0 184 11 184 11 184 11 0
2.144608 548 8 0 184 11 184 11 184 11 0
2.144608 549 8 0 184 11 184 11 184 11 0
2.144608 560 8 0 208 57 208 57 208 57 0
2.144608 561 8 0 208 57 208 57 208 57 0
2.145608 562 8 0 208 57 208 57 208 57 0
2.147609 563 8 0 208 57 208 57 208 57 0
2.153608 576 8 0 184 11 184 11 184 11 0
2.15461 577 8 0 184 11 184 11 184 11 0
2.156608 578 8 0 184 11 184 11 184 11 0
2.157738 579 8 0 184 11 184 11 184 11 0
2.159608 580 8 0 184 11 184 11 184 11 0
2.160608 581 8 0 184 11 184 11 184 11 0
2.162608 592 8 0 208 57 208 57 208 57 0
2.163608 593 8 0 208 57 208 57 208 57 0
2.165608 594 8 0 208 57 208 57 208 57 0
2.166608 595 8 0 208 57 208 57 208 57 0
2.17361 608 8 0 184 11 184 11 184 11 0
2.175608 609 8 0 184 11 184 11 184 11 0
2.17661 610 8 0 184 11 184 11 184 11 0
2.17861 611 8 0 184 11 184 11 184 11 0
2.180611 612 8 0 184 11 184 11 184 11 0
2.182609 613 8 0 184 11 184 11 184 11 0
2.183609 624 8 0 208 57 208 57 208 57 0
2.18461 625 8 0 208 57 208 57 208 57 0
2.186609 626 8 0 208 57 208 57 208 57 0
2.187609 627 8 0 208 57 208 57 208 57 0
2.193611 272 8 7 240 0 7 0 0 0 0
2.19561 273 8 0 0 0 0 0 0 0 0
2.19661 274 8 0 0 1 0 3 1 6 0
2.198611 277 8 0 0 0 0 0 0 0 0
2.20061 278 8 0 0 0 0 0 0 0 0
2.20261 640 8 0 184 11 184 11 184 11 0
2.20361 641 8 0 184 11 184 11 184 11 0
2.20461 642 8 0 184 11 184 11 184 11 0
2.20561 643 8 0 184 11 184 11 184 11 0
2.20661 644 8 0 184 11 184 11 184 11 0
2.20761 645 8 0 184 11 184 11 184 11 0
2.20961 656 8 0 208 57 208 57 208 57 0
2.210611 657 8 0 208 57 208 57 208 57 0
2.212611 658 8 0 208 57 208 57 208 57 0
2.214611 659 8 0 208 57 208 57 208 57 0
2.215611 672 8 0 184 11 184 11 184 11 0
2.216612 673 8 0 184 11 184 11 184 11 0
2.217626 674 8 0 184 11 184 11 184 11 0
2.219612 675 8 0 184 11 184 11 184 11 0
2.221611 676 8 0 184 11 184 11 184 11 0
2.222611 677 8 0 184 11 184 11 184 11 0
2.223612 304 8 0 0 0 0 0 0 0 0
2.225611 305 8 0 0 0 0 0 0 0 0
2.226612 368 8 0 0 255 255 0 0 0 0
2.227613 369 8 0 0 0 0 0 0 0 0
2.229611 384 8 0 50 0 50 0 50 0 0
2.231611 688 8 0 208 57 208 57 208 57 0
2.232612 689 8 0 208 57 208 57 208 57 0
2.234611 690 8 0 208 57 208 57 208 57 0
2.235613 691 8 0 208 57 208 57 208 57 0
2.237612 704 8 0 184 11 184 11 184 11 0
2.238612 705 8 0 184 11 184 11 184 11 0
2.239612 706 8 0 184 11 184 11 184 11 0
2.241612 707 8 0 184 11 184 11 184 11 0
2.242613 708 8 0 184 11 184 11 184 11 0
2.244612 709 8 0 184 11 184 11 184 11 0
2.245612 720 8 0 208 57 208 57 208 57 0
2.246612 721 8 0 208 57 208 57 208 57 0
2.248612 722 8 0 208 57 208 57 208 57 0
2.249612 723 8 0 208 57 208 57 208 57 0
2.253612 736 8 0 184 11 184 11 184 11 0
2.254613 737 8 0 184 11 184 11 184 11 0
2.255613 738 8 0 184 11 184 11 184 11 0
2.257612 739 8 0 184 11 184 11 184 11 0
2.258613 740 8 0 184 11 184 11 184 11 0
2.259613 741 8 0 184 11 184 11 184 11 0
2.260614 752 8 0 208 57 208 57 208 57 0
2.262612 753 8 0 208 57 208 57 208 57 0
2.263613 754 8 0 208 57 208 57 208 57 0
2.264613 755 8 0 208 57 208 57 208 57 0
2.294614 272 8 7 240 0 7 0 0 0 0
2.295615 273 8 0 0 0 0 0 0 0 0
2.296615 274 8 0 0 1 0 3 1 6 0
2.297616 277 8 0 0 0 0 0 0 0 0
2.299615 278 8 0 0 0 0 0 0 0 0
2.313616 512 8 0 0 0 0 0 0 0 0
2.314616 513 8 7 0 0 0 0 0 0 0
2.315616 514 8 7 0 0 0 0 0 0 0
2.317616 515 8 7 0 0 0 0 0 0 0
2.318616 516 8 0 184 11 184 11 184 11 0
2.320615 517 8 0 184 11 184 11 184 11 0
2.321616 304 8 0 0 0 0 0 0 0 0
2.322617 305 8 0 0 0 0 0 0 0 0
2.324616 368 8 0 0 255 255 0 0 0 0
2.325616 369 8 0 0 0 0 0 0 0 0
2.326616 384 8 0 50 0 50 0 50 0 0
2.328617 528 8 1 0 50 0 50 0 50 0
2.330617 529 8 0 0 50 0 50 0 50 0
2.332616 530 8 0 0 50 0 50 0 50 0
2.333618 531 8 0 0 50 0 50 0 50 0
2.335616 544 8 0 184 11 184 11 184 11 0
2.336617 545 8 0 184 11 184 11 184 11 0
2.337618 546 8 0 184 11 184 11 184 11 0
2.339616 547 8 0 184 11 184 11 184 11 0
2.340616 548 8 0 184 11 184 11 184 11 0
2.341617 549 8 0 184 11 184 11 184 11 0
2.343616 560 8 0 208 57 208 57 208 57 0
2.344617 561 8 0 208 57 208 57 208 57 0
2.345617 562 8 0 208 57 208 57 208 57 0
2.346618 563 8 0 208 57 208 57 208 57 0
2.354617 576 8 0 184 11 184 11 184 11 0
2.355618 577 8 0 184 11 184 11 184 11 0
2.357618 578 8 0 184 11 184 11 184 11 0
2.359618 579 8 0 184 11 184 11 184 11 0
2.361617 580 8 0 184 11 184 11 184 11 0
2.363617 581 8 0 184 11 184 11 184 11 0
2.364619 592 8 0 208 57 208 57 208 57 0
2.366618 593 8 0 208 57 208 57 208 57 0
2.368619 594 8 0 208 57 208 57 208 57 0
2.370618 595 8 0 208 57 208 57 208 57 0
2.373618 608 8 0 184 11 184 11 184 11 0
2.374618 609 8 0 184 11 184 11 184 11 0
2.375618 610 8 0 184 11 184 11 184 11 0
2.377618 611 8 0 184 11 184 11 184 11 0
2.378618 612 8 0 184 11 184 11 184 11 0
2.379618 613 8 0 184 11 184 11 184 11 0
2.381618 624 8 0 208 57 208 57 208 57 0
2.382618 625 8 0 208 57 208 57 208 57 0
2.38462 626 8 0 208 57 208 57 208 57 0
2.38662 627 8 0 208 57 208 57 208 57 0
2.393619 272 8 7 240 0 7 0 0 0 0
2.394619 273 8 0 0 0 0 0 0 0 0
2.39562 274 8 0 0 1 0 3 1 6 0
2.397619 277 8 0 0 0 0 0 0 0 0
2.398619 278 8 0 0 0 0 0 0 0 0
2.39962 640 8 0 184 11 184 11 184 11 0
2.40062 641 8 0 184 11 184 11 184 11 0
2.40262 642 8 0 184 11 184 11 184 11 0
2.404619 643 8 0 184 11 184 11 184 11 0
2.40562 644 8 0 184 11 184 11 184 11 0
2.406621 645 8 0 184 11 184 11 184 11 0
2.408619 656 8 0 208 57 208 57 208 57 0
2.40962 657 8 0 208 57 208 57 208 57 0
2.41062 658 8 0 208 57 208 57 208 57 0
2.412619 659 8 0 208 57 208 57 208 57 0
2.41362 672 8 0 184 11 184 11 184 11 0
2.41562 673 8 0 184 11 184 11 184 11 0
2.41662 674 8 0 184 11 184 11 184 11 0
2.418621 675 8 0 184 11 184 11 184 11 0
2.42062 676 8 0 184 11 184 11 184 11 0
2.42162 677 8 0 184 11 184 11 184 11 0
2.42262 304 8 0 0 0 0 0 0 0 0
2.42462 305 8 0 0 0 0 0 0 0 0
2.425621 368 8 0 0 255 255 0 0 0 0
2.428621 369 8 0 0 0 0 0 0 0 0
2.430622 384 8 0 50 0 50 0 50 0 0
2.444621 688 8 0 208 57 208 57 208 57 0
2.444621 689 8 0 208 57 208 57 208 57 0
2.444621 690 8 0 208 57 208 57 208 57 0
2.444621 691 8 0 208 57 208 57 208 57 0
2.445622 704 8 0 184 11 184 11 184 11 0
2.445622 705 8 0 184 11 184 11 184 11 0
2.445622 706 8 0 184 11 184 11 184 11 0
2.445622 707 8 0 184 11 184 11 184 11 0
2.445622 708 8 0 184 11 184 11 184 11 0
2.445622 709 8 0 184 11 184 11 184 11 0
2.445622 720 8 0 208 57 208 57 208 57 0
2.446622 721 8 0 208 57 208 57 208 57 0
2.448622 722 8 0 208 57 208 57 208 57 0
2.450622 723 8 0 208 57 208 57 208 57 0
2.453622 736 8 0 184 11 184 11 184 11 0
2.454622 737 8 0 184 11 184 11 184 11 0
2.456623 738 8 0 184 11 184 11 184 11 0
2.458622 739 8 0 184 11 184 11 184 11 0
2.459622 740 8 0 184 11 184 11 184 11 0
2.460622 741 8 0 184 11 184 11 184 11 0
2.461622 752 8 0 208 57 208 57 208 57 0
2.463622 753 8 0 208 57 208 57 208 57 0
2.464622 754 8 0 208 57 208 57 208 57 0
2.466622 755 8 0 208 57 208 57 208 57 0
2.494623 272 8 7 240 0 7 0 0 0 0
2.495624 273 8 0 0 0 0 0 0 0 0
2.496624 274 8 0 0 1 0 3 1 6 0
2.498624 277 8 0 0 0 0 0 0 0 0
2.500625 278 8 0 0 0 0 0 0 0 0
2.513624 512 8 0 0 0 0 0 0 0 0
2.514625 513 8 7 0 0 0 0 0 0 0
2.515625 514 8 7 0 0 0 0 0 0 0
2.517625 515 8 7 0 0 0 0 0 0 0
2.518625 516 8 0 184 11 184 11 184 11 0
2.520625 517 8 0 184 11 184 11 184 11 0
2.521625 304 8 0 0 0 0 0 0 0 0
2.522625 305 8 0 0 0 0 0 0 0 0
2.523627 368 8 0 0 255 255 0 0 0 0
2.525625 369 8 0 0 0 0 0 0 0 0
2.527625 384 8 0 50 0 50 0 50 0 0
2.529625 528 8 1 0 50 0 50 0 50 0
2.530627 529 8 0 0 50 0 50 0 50 0
2.532627 530 8 0 0 50 0 50 0 50 0
2.534625 531 8 0 0 50 0 50 0 50 0
2.535626 544 8 0 184 11 184 11 184 11 0
2.537626 545 8 0 184 11 184 11 184 11 0
2.538626 546 8 0 184 11 184 11 184 11 0
2.540626 547 8 0 184 11 184 11 184 11 0
2.542626 548 8 0 184 11 184 11 184 11 0
2.543628 549 8 0 184 11 184 11 184 11 0
2.545627 560 8 0 208 57 208 57 208 57 0
2.547626 561 8 0 208 57 208 57 208 57 0
2.548626 562 8 0 208 57 208 57 208 57 0
2.549626 563 8 0 208 57 208 57 208 57 0
2.553627 576 8 0 184 11 184 11 184 11 0
2.555626 577 8 0 184 11 184 11 184 11 0
2.556626 578 8 0 184 11 184 11 184 11 0
2.557627 579 8 0 184 11 184 11 184 11 0
2.559626 580 8 0 184 11 184 11 184 11 0
2.560626 581 8 0 184 11 184 11 184 11 0
2.561627 592 8 0 208 57 208 57 208 57 0
2.563626 593 8 0 208 57 208 57 208 57 0
2.564628 594 8 0 208 57 208 57 208 57 0
2.566627 595 8 0 208 57 208 57 208 57 0
2.574628 608 8 0 184 11 184 11 184 11 0
2.576629 609 8 0 184 11 184 11 184 11 0
2.578627 610 8 0 184 11 184 11 184 11 0
2.579628 611 8 0 184 11 184 11 184 11 0
2.581627 612 8 0 184 11 184 11 184 11 0
2.582627 613 8 0 184 11 184 11 184 11 0
2.583628 624 8 0 208 57 208 57 208 57 0
2.584629 625 8 0 208 57 208 57 208 57 0
2.586628 626 8 0 208 57 208 57 208 57 0
2.588628 627 8 0 208 57 208 57 208 57 0
2.593629 272 8 7 240 0 7 0 0 0 0
2.594629 273 8 0 0 0 0 0 0 0 0
2.59663 274 8 0 0 1 0 3 1 6 0
2.598629 277 8 0 0 0 0 0 0 0 0
2.600628 278 8 0 0 0 0 0 0 0 0
2.601628 640 8 0 184 11 184 11 184 11 0
2.602629 641 8 0 184 11 184 11 184 11 0
2.603629 642 8 0 184 11 184 11 184 11 0
2.604629 643 8 0 184 11 184 11 184 11 0
2.606629 644 8 0 184 11 184 11 184 11 0
2.607629 645 8 0 184 11 184 11 184 11 0
2.609629 656 8 0 208 57 208 57 208 57 0
2.610629 657 8 0 208 57 208 57 208 57 0
2.61263 658 8 0 208 57 208 57 208 57 0
2.614629 659 8 0 208 57 208 57 208 57 0
2.615629 672 8 0 184 11 184 11 184 11 0
2.616629 673 8 0 184 11 184 11 184 11 0
2.617629 674 8 0 184 11 184 11 184 11 0
2.619629 675 8 0 184 11 184 11 184 11 0
2.620629 676 8 0 184 11 184 11 184 11 0
2.621629 677 8 0 184 11 184 11 184 11 0
2.623629 304 8 0 0 0 0 0 0 0 0
2.624629 305 8 0 0 0 0 0 0 0 0
2.62563 368 8 0 0 255 255 0 0 0 0
2.62663 369 8 0 0 0 0 0 0 0 0
2.627631 384 8 0 50 0 50 0 50 0 0
2.62963 688 8 0 208 57 208 57 208 57 0
2.63063 689 8 0 208 57 208 57 208 57 0
2.63163 690 8 0 208 57 208 57 208 57 0
2.633631 691 8 0 208 57 208 57 208 57 0
2.63563 704 8 0 184 11 184 11 184 11 0
2.636632 705 8 0 184 11 184 11 184 11 0
2.637804 706 8 0 184 11 184 11 184 11 0
2.63963 707 8 0 184 11 184 11 184 11 0
2.640631 708 8 0 184 11 184 11 184 11 0
2.64263 709 8 0 184 11 184 11 184 11 0
2.643631 720 8 0 208 57 208 57 208 57 0
2.644632 721 8 0 208 57 208 57 208 57 0
2.64663 722 8 0 208 57 208 57 208 57 0
2.647802 723 8 0 208 57 208 57 208 57 0
2.654631 736 8 0 184 11 184 11 184 11 0
2.655631 737 8 0 184 11 184 11 184 11 0
2.656631 738 8 0 184 11 184 11 184 11 0
2.658631 739 8 0 184 11 184 11 184 11 0
2.659631 740 8 0 184 11 184 11 184 11 0
2.660631 741 8 0 184 11 184 11 184 11 0
2.661631 752 8 0 208 57 208 57 208 57 0
2.663631 753 8 0 208 57 208 57 208 57 0
2.664632 754 8 0 208 57 208 57 208 57 0
2.666633 755 8 0 208 57 208 57 208 57 0
2.693633 272 8 7 240 0 7 0 0 0 0
2.694634 273 8 0 0 0 0 0 0 0 0
2.696633 274 8 0 0 1 0 3 1 6 0
2.697667 277 8 0 0 0 0 0 0 0 0
2.699633 278 8 0 0 0 0 0 0 0 0
2.713634 512 8 0 0 0 0 0 0 0 0
2.715634 513 8 7 0 0 0 0 0 0 0
2.716635 514 8 7 0 0 0 0 0 0 0
2.718635 515 8 7 0 0 0 0 0 0 0
2.720635 516 8 0 184 11 184 11 184 11 0
2.722635 517 8 0 184 11 184 11 184 11 0
2.724635 304 8 0 0 0 0 0 0 0 0
2.726636 305 8 0 0 0 0 0 0 0 0
2.728634 368 8 0 0 255 255 0 0 0 0
2.730635 369 8 0 0 0 0 0 0 0 0
2.731636 384 8 0 50 0 50 0 50 0 0
2.747636 528 8 1 0 50 0 50 0 50 0
2.747636 529 8 0 0 50 0 50 0 50 0
2.747636 530 8 0 0 50 0 50 0 50 0
2.747636 531 8 0 0 50 0 50 0 50 0
2.748636 544 8 0 184 11 184 11 184 11 0
2.748636 545 8 0 184 11 184 11 184 11 0
2.748636 546 8 0 184 11 184 11 184 11 0
2.748636 547 8 0 184 11 184 11 184 11 0
2.748636 548 8 0 184 11 184 11 184 11 0
2.748636 549 8 0 184 11 184 11 184 11 0
2.748636 560 8 0 208 57 208 57 208 57 0
2.749636 561 8 0 208 57 208 57 208 57 0
2.750636 562 8 0 208 57 208 57 208 57 0
2.752635 563 8 0 208 57 208 57 208 57 0
2.753637 576 8 0 184 11 184 11 184 11 0
2.755635 577 8 0 184 11 184 11 184 11 0
2.756636 578 8 0 184 11 184 11 184 11 0
2.757636 579 8 0 184 11 184 11 184 11 0
2.758636 580 8 0 184 11 184 11 184 11 0
2.759637 581 8 0 184 11 184 11 184 11 0
2.761636 592 8 0 208 57 208 57 208 57 0
2.762636 593 8 0 208 57 208 57 208 57 0
2.763636 594 8 0 208 57 208 57 208 57 0
2.765636 595 8 0 208 57 208 57 208 57 0
2.774637 608 8 0 184 11 184 11 184 11 0
2.776637 609 8 0 184 11 184 11 184 11 0
2.777637 610 8 0 184 11 184 11 184 11 0
2.778637 611 8 0 184 11 184 11 184 11 0
2.780638 612 8 0 184 11 184 11 184 11 0
2.782638 613 8 0 184 11 184 11 184 11 0
2.784638 624 8 0 208 57 208 57 208 57 0
2.786637 625 8 0 208 57 208 57 208 57 0
2.787638 626 8 0 208 57 208 57 208 57 0
2.788639 627 8 0 208 57 208 57 208 57 0
2.793637 272 8 7 240 0 7 0 0 0 0
2.794638 273 8 0 0 0 0 0 0 0 0
2.796639 274 8 0 0 1 0 3 1 6 0
2.798638 277 8 0 0 0 0 0 0 0 0
2.800638 278 8 0 0 0 0 0 0 0 0
2.801638 640 8 0 184 11 184 11 184 11 0
2.80264 641 8 0 184 11 184 11 184 11 0
2.804641 642 8 0 184 11 184 11 184 11 0
2.806638 643 8 0 184 11 184 11 184 11 0
2.807639 644 8 0 184 11 184 11 184 11 0
2.809638 645 8 0 184 11 184 11 184 11 0
2.810638 656 8 0 208 57 208 57 208 57 0
2.811638 657 8 0 208 57 208 57 208 57 0
2.81264 658 8 0 208 57 208 57 208 57 0
2.814638 659 8 0 208 57 208 57 208 57 0
2.815639 672 8 0 184 11 184 11 184 11 0
2.817639 673 8 0 184 11 184 11 184 11 0
2.818639 674 8 0 184 11 184 11 184 11 0
2.819639 675 8 0 184 11 184 11 184 11 0
2.820639 676 8 0 184 11 184 11 184 11 0
2.822639 677 8 0 184 11 184 11 184 11 0
2.824639 304 8 0 0 0 0 0 0 0 0
2.825639 305 8 0 0 0 0 0 0 0 0
2.826639 368 8 0 0 255 255 0 0 0 0
2.82764 369 8 0 0 0 0 0 0 0 0
2.829639 384 8 0 50 0 50 0 50 0 0
2.830639 688 8 0 208 57 208 57 208 57 0
2.831639 689 8 0 208 57 208 57 208 57 0
2.832639 690 8 0 208 57 208 57 208 57 0
2.834639 691 8 0 208 57 208 57 208 57 0
2.835641 704 8 0 184 11 184 11 184 11 0
2.837639 705 8 0 184 11 184 11 184 11 0
2.838641 706 8 0 184 11 184 11 184 11 0
2.84064 707 8 0 184 11 184 11 184 11 0
2.84164 708 8 0 184 11 184 11 184 11 0
2.84264 709 8 0 184 11 184 11 184 11 0
2.84364 720 8 0 208 57 208 57 208 57 0
2.845641 721 8 0 208 57 208 57 208 57 0
2.84764 722 8 0 208 57 208 57 208 57 0
2.84864 723 8 0 208 57 208 57 208 57 0
2.85464 736 8 0 184 11 184 11 184 11 0
2.855642 737 8 0 184 11 184 11 184 11 0
2.857641 738 8 0 184 11 184 11 184 11 0
2.858641 739 8 0 184 11 184 11 184 11 0
2.86064 740 8 0 184 11 184 11 184 11 0
2.86164 741 8 0 184 11 184 11 184 11 0
2.862643 752 8 0 208 57 208 57 208 57 0
2.86464 753 8 0 208 57 208 57 208 57 0
2.865641 754 8 0 208 57 208 57 208 57 0
2.866641 755 8 0 208 57 208 57 208 57 0
2.894644 272 8 7 240 0 7 0 0 0 0
2.896642 273 8 0 0 0 0 0 0 0 0
2.897643 274 8 0 0 1 0 3 1 6 0
2.899642 277 8 0 0 0 0 0 0 0 0
2.901642 278 8 0 0 0 0 0 0 0 0
2.913643 512 8 0 0 0 0 0 0 0 0
2.914645 513 8 7 0 0 0 0 0 0 0
2.916644 514 8 7 0 0 0 0 0 0 0
2.918643 515 8 7 0 0 0 0 0 0 0
2.919645 516 8 0 184 11 184 11 184 11 0
2.921643 517 8 0 184 11 184 11 184 11 0
2.922643 304 8 0 0 0 0 0 0 0 0
2.923645 305 8 0 0 0 0 0 0 0 0
2.925644 320 8 0 0 0 0 0 0 0 0
2.927811 352 8 0 0 0 0 0 0 0 0
2.929644 368 8 0 0 255 255 0 0 0 0
2.930644 369 8 0 0 0 0 0 0 0 0
2.931644 384 8 0 50 0 50 0 50 0 0
2.932644 400 8 0 0 0 0 0 0 0 0
2.934645 416 8 1 0 0 0 0 0 0 0
2.936644 528 8 1 0 50 0 50 0 50 0
2.937644 529 8 0 0 50 0 50 0 50 0
2.939644 530 8 0 0 50 0 50 0 50 0
2.940644 531 8 0 0 50 0 50 0 50 0
2.941646 464 8 160 37 38 0 160 37 38 0
2.943645 465 8 160 37 38 0 160 37 38 0
2.944646 466 8 160 37 38 0 160 37 38 0
2.946644 480 8 160 37 38 0 160 37 38 0
2.947646 481 8 160 37 38 0 160 37 38 0
2.949645 482 8 160 37 38 0 160 37 38 0
2.950645 496 8 0 0 0 0 0 0 0 0
2.951645 544 8 0 184 11 184 11 184 11 0
2.953645 545 8 0 184 11 184 11 184 11 0
2.954645 546 8 0 184 11 184 11 184 11 0
2.956645 547 8 0 184 11 184 11 184 11 0
2.957811 548 8 0 184 11 184 11 184 11 0
2.959645 549 8 0 184 11 184 11 184 11 0
2.961646 560 8 0 208 57 208 57 208 57 0
2.963645 561 8 0 208 57 208 57 208 57 0
2.964645 562 8 0 208 57 208 57 208 57 0
2.965647 563 8 0 208 57 208 57 208 57 0
2.966647 576 8 0 184 11 184 11 184 11 0
2.968645 577 8 0 184 11 184 11 184 11 0
2.969647 578 8 0 184 11 184 11 184 11 0
2.971647 579 8 0 184 11 184 11 184 11 0
2.973646 580 8 0 184 11 184 11 184 11 0
2.974647 581 8 0 184 11 184 11 184 11 0
2.976646 592 8 0 208 57 208 57 208 57 0
2.977646 593 8 0 208 57 208 57 208 57 0
2.978646 594 8 0 208 57 208 57 208 57 0
2.980646 595 8 0 208 57 208 57 208 57 0
2.981646 608 8 0 184 11 184 11 184 11 0
2.982646 609 8 0 184 11 184 11 184 11 0
2.983648 610 8 0 184 11 184 11 184 11 0
2.985646 611 8 0 184 11 184 11 184 11 0
2.986646 612 8 0 184 11 184 11 184 11 0
2.987647 613 8 0 184 11 184 11 184 11 0
2.988648 624 8 0 208 57 208 57 208 57 0
2.990647 625 8 0 208 57 208 57 208 57 0
2.991647 626 8 0 208 57 208 57 208 57 0
2.993649 627 8 0 208 57 208 57 208 57 0
2.995647 272 8 7 240 0 7 0 0 0 0
2.996647 273 8 0 0 0 0 0 0 0 0
2.997668 274 8 0 0 1 0 3 1 6 0
2.999648 277 8 0 0 0 0 0 0 0 0
3.001647 278 8 0 0 0 0 0 0 0 0
3.002647 640 8 0 184 11 184 11 184 11 0
3.003647 641 8 0 184 11 184 11 184 11 0
3.004649 642 8 0 184 11 184 11 184 11 0
3.006649 643 8 0 184 11 184 11 184 11 0
3.008647 644 8 0 184 11 184 11 184 11 0
3.009648 645 8 0 184 11 184 11 184 11 0
3.011647 656 8 0 208 57 208 57 208 57 0
3.012649 657 8 0 208 57 208 57 208 57 0
3.014647 658 8 0 208 57 208 57 208 57 0
3.015648 659 8 0 208 57 208 57 208 57 0
3.016649 672 8 0 184 11 184 11 184 11 0
3.018648 673 8 0 184 11 184 11 184 11 0
3.019649 674 8 0 184 11 184 11 184 11 0
3.021648 675 8 0 184 11 184 11 184 11 0
3.022649 676 8 0 184 11 184 11 184 11 0
3.024648 677 8 0 184 11 184 11 184 11 0
3.02565 304 8 0 0 0 0 0 0 0 0
3.027648 305 8 0 0 0 0 0 0 0 0
3.028649 368 8 0 0 255 255 0 0 0 0
3.029668 369 8 0 0 0 0 0 0 0 0
3.031649 384 8 0 50 0 50 0 50 0 0
3.047686 688 8 0 208 57 208 57 208 57 0
3.047686 689 8 0 208 57 208 57 208 57 0
3.04865 690 8 0 208 57 208 57 208 57 0
3.04865 691 8 0 208 57 208 57 208 57 0
3.04865 704 8 0 184 11 184 11 184 11 0
3.04865 705 8 0 184 11 184 11 184 11 0
3.04865 706 8 0 184 11 184 11 184 11 0
3.04865 707 8 0 184 11 184 11 184 11 0
3.04865 708 8 0 184 11 184 11 184 11 0
3.04865 709 8 0 184 11 184 11 184 11 0
3.049649 720 8 0 208 57 208 57 208 57 0
3.05065 721 8 0 208 57 208 57 208 57 0
3.05165 722 8 0 208 57 208 57 208 57 0
3.05365 723 8 0 208 57 208 57 208 57 0
3.055651 736 8 0 184 11 184 11 184 11 0
3.057649 737 8 0 184 11 184 11 184 11 0
3.05865 738 8 0 184 11 184 11 184 11 0
3.05965 739 8 0 184 11 184 11 184 11 0
3.060652 740 8 0 184 11 184 11 184 11 0
3.06265 741 8 0 184 11 184 11 184 11 0
3.06465 752 8 0 208 57 208 57 208 57 0
3.065651 753 8 0 208 57 208 57 208 57 0
3.067651 754 8 0 208 57 208 57 208 57 0
3.06965 755 8 0 208 57 208 57 208 57 0
3.093651 272 8 7 240 0 7 0 0 0 0
3.094652 273 8 0 0 0 0 0 0 0 0
3.095652 274 8 0 0 1 0 3 1 6 0
3.097652 277 8 0 0 0 0 0 0 0 0
3.098652 278 8 0 0 0 0 0 0 0 0
3.114653 512 8 0 0 0 0 0 0 0 0
3.115653 513 8 7 0 0 0 0 0 0 0
3.117767 514 8 7 0 0 0 0 0 0 0
3.119653 515 8 7 0 0 0 0 0 0 0
3.120655 516 8 0 184 11 184 11 184 11 0
3.122653 517 8 0 184 11 184 11 184 11 0
3.124654 304 8 0 0 0 0 0 0 0 0
3.126654 305 8 0 0 0 0 0 0 0 0
3.128653 368 8 0 0 255 255 0 0 0 0
3.129653 369 8 0 0 0 0 0 0 0 0
3.130655 384 8 0 50 0 50 0 50 0 0
3.132653 528 8 1 0 50 0 50 0 50 0
3.133653 529 8 0 0 50 0 50 0 50 0
3.134654 530 8 0 0 50 0 50 0 50 0
3.135654 531 8 0 0 50 0 50 0 50 0
3.137653 544 8 0 184 11 184 11 184 11 0
3.139655 545 8 0 184 11 184 11 184 11 0
3.141653 546 8 0 184 11 184 11 184 11 0
3.142654 547 8 0 184 11 184 11 184 11 0
3.143654 548 8 0 184 11 184 11 184 11 0
3.144656 549 8 0 184 11 184 11 184 11 0
3.145656 560 8 0 208 57 208 57 208 57 0
3.147655 561 8 0 208 57 208 57 208 57 0
3.148655 562 8 0 208 57 208 57 208 57 0
3.150654 563 8 0 208 57 208 57 208 57 0
3.153654 576 8 0 184 11 184 11 184 11 0
3.155654 577 8 0 184 11 184 11 184 11 0
3.156654 578 8 0 184 11 184 11 184 11 0
3.157655 579 8 0 184 11 184 11 184 11 0
3.159656 580 8 0 184 11 184 11 184 11 0
3.161654 581 8 0 184 11 184 11 184 11 0
3.162654 592 8 0 208 57 208 57 208 57 0
3.163655 593 8 0 208 57 208 57 208 57 0
3.164655 594 8 0 208 57 208 57 208 57 0
3.165655 595 8 0 208 57 208 57 208 57 0
3.173655 608 8 0 184 11 184 11 184 11 0
3.174655 609 8 0 184 11 184 11 184 11 0
3.175655 610 8 0 184 11 184 11 184 11 0
3.176656 611 8 0 184 11 184 11 184 11 0
3.177778 612 8 0 184 11 184 11 184 11 0
3.178657 613 8 0 184 11 184 11 184 11 0
3.180655 624 8 0 208 57 208 57 208 57 0
3.181655 625 8 0 208 57 208 57 208 57 0
3.182655 626 8 0 208 57 208 57 208 57 0
3.183656 627 8 0 208 57 208 57 208 57 0
3.193657 272 8 7 240 0 7 0 0 0 0
3.195656 273 8 0 0 0 0 0 0 0 0
3.196656 274 8 0 0 1 0 3 1 6 0
3.197656 277 8 0 0 0 0 0 0 0 0
3.199656 278 8 0 0 0 0 0 0 0 0
3.200657 640 8 0 184 11 184 11 184 11 0
3.202656 641 8 0 184 11 184 11 184 11 0
3.203657 642 8 0 184 11 184 11 184 11 0
3.205656 643 8 0 184 11 184 11 184 11 0
3.206657 644 8 0 184 11 184 11 184 11 0
3.208656 645 8 0 184 11 184 11 184 11 0
3.209665 656 8 0 208 57 208 57 208 57 0
3.211657 657 8 0 208 57 208 57 208 57 0
3.212657 658 8 0 208 57 208 57 208 57 0
3.213657 659 8 0 208 57 208 57 208 57 0
3.215659 672 8 0 184 11 184 11 184 11 0
3.217658 673 8 0 184 11 184 11 184 11 0
3.218659 674 8 0 184 11 184 11 184 11 0
3.220658 675 8 0 184 11 184 11 184 11 0
3.222658 676 8 0 184 11 184 11 184 11 0
3.224657 677 8 0 184 11 184 11 184 11 0
3.225657 304 8 0 0 0 0 0 0 0 0
3.226658 305 8 0 0 0 0 0 0 0 0
3.227658 368 8 0 0 255 255 0 0 0 0
3.229659 369 8 0 0 0 0 0 0 0 0
3.231657 384 8 0 50 0 50 0 50 0 0
3.232658 688 8 0 208 57 208 57 208 57 0
3.233658 689 8 0 208 57 208 57 208 57 0
3.234659 690 8 0 208 57 208 57 208 57 0
3.236658 691 8 0 208 57 208 57 208 57 0
3.237658 704 8 0 184 11 184 11 184 11 0
3.238658 705 8 0 184 11 184 11 184 11 0
3.239658 706 8 0 184 11 184 11 184 11 0
3.24066 707 8 0 184 11 184 11 184 11 0
3.242658 708 8 0 184 11 184 11 184 11 0
3.243658 709 8 0 184 11 184 11 184 11 0
3.245659 720 8 0 208 57 208 57 208 57 0
3.24666 721 8 0 208 57 208 57 208 57 0
3.24766 722 8 0 208 57 208 57 208 57 0
3.24966 723 8 0 208 57 208 57 208 57 0
3.253659 736 8 0 184 11 184 11 184 11 0
3.254659 737 8 0 184 11 184 11 184 11 0
3.255659 738 8 0 184 11 184 11 184 11 0
3.257659 739 8 0 184 11 184 11 184 11 0
3.25866 740 8 0 184 11 184 11 184 11 0
3.260659 741 8 0 184 11 184 11 184 11 0
3.261659 752 8 0 208 57 208 57 208 57 0
3.26266 753 8 0 208 57 208 57 208 57 0
3.26466 754 8 0 208 57 208 57 208 57 0
3.266659 755 8 0 208 57 208 57 208 57 0
3.293661 272 8 7 240 0 7 0 0 0 0
3.294662 273 8 0 0 0 0 0 0 0 0
3.29666 274 8 0 0 1 0 3 1 6 0
3.297661 277 8 0 0 0 0 0 0 0 0
3.298662 278 8 0 0 0 0 0 0 0 0
3.313661 512 8 0 0 0 0 0 0 0 0
3.314662 513 8 7 0 0 0 0 0 0 0
3.316662 514 8 7 0 0 0 0 0 0 0
3.317663 515 8 7 0 0 0 0 0 0 0
3.319662 516 8 0 184 11 184 11 184 11 0
3.320662 517 8 0 184 11 184 11 184 11 0
3.322662 304 8 0 0 0 0 0 0 0 0
3.323662 305 8 0 0 0 0 0 0 0 0
3.324662 368 8 0 0 255 255 0 0 0 0
3.325662 369 8 0 0 0 0 0 0 0 0
3.326664 384 8 0 50 0 50 0 50 0 0
3.343664 528 8 1 0 50 0 50 0 50 0
3.344665 529 8 0 0 50 0 50 0 50 0
3.344665 530 8 0 0 50 0 50 0 50 0
3.344665 531 8 0 0 50 0 50 0 50 0
3.344665 544 8 0 184 11 184 11 184 11 0
3.344665 545 8 0 184 11 184 11 184 11 0
3.344665 546 8 0 184 11 184 11 184 11 0
3.345664 547 8 0 184 11 184 11 184 11 0
3.345664 548 8 0 184 11 184 11 184 11 0
3.345664 549 8 0 184 11 184 11 184 11 0
3.345664 560 8 0 208 57 208 57 208 57 0
3.345664 561 8 0 208 57 208 57 208 57 0
3.346665 562 8 0 208 57 208 57 208 57 0
3.348664 563 8 0 208 57 208 57 208 57 0
3.353664 576 8 0 184 11 184 11 184 11 0
3.354665 577 8 0 184 11 184 11 184 11 0
3.356664 578 8 0 184 11 184 11 184 11 0
3.358664 579 8 0 184 11 184 11 184 11 0
3.359665 580 8 0 184 11 184 11 184 11 0
3.361663 581 8 0 184 11 184 11 184 11 0
3.362664 592 8 0 208 57 208 57 208 57 0
3.363664 593 8 0 208 57 208 57 208 57 0
3.364664 594 8 0 208 57 208 57 208 57 0
3.365664 595 8 0 208 57 208 57 208 57 0
3.373665 608 8 0 184 11 184 11 184 11 0
3.375664 609 8 0 184 11 184 11 184 11 0
3.376665 610 8 0 184 11 184 11 184 11 0
3.377779 611 8 0 184 11 184 11 184 11 0
3.379665 612 8 0 184 11 184 11 184 11 0
3.381665 613 8 0 184 11 184 11 184 11 0
3.382665 624 8 0 208 57 208 57 208 57 0
3.383665 625 8 0 208 57 208 57 208 57 0
3.385665 626 8 0 208 57 208 57 208 57 0
3.386667 627 8 0 208 57 208 57 208 57 0
3.393665 272 8 7 240 0 7 0 0 0 0
3.394666 273 8 0 0 0 0 0 0 0 0
3.396665 274 8 0 0 1 0 3 1 6 0
3.397666 277 8 0 0 0 0 0 0 0 0
3.398666 278 8 0 0 0 0 0 0 0 0
3.400666 640 8 0 184 11 184 11 184 11 0
3.402665 641 8 0 184 11 184 11 184 11 0
3.403666 642 8 0 184 11 184 11 184 11 0
3.405666 643 8 0 184 11 184 11 184 11 0
3.406667 644 8 0 184 11 184 11 184 11 0
3.408666 645 8 0 184 11 184 11 184 11 0
3.409667 656 8 0 208 57 208 57 208 57 0
3.410668 657 8 0 208 57 208 57 208 57 0
3.412666 658 8 0 208 57 208 57 208 57 0
3.413666 659 8 0 208 57 208 57 208 57 0
3.414666 672 8 0 184 11 184 11 184 11 0
3.416666 673 8 0 184 11 184 11 184 11 0
3.418668 674 8 0 184 11 184 11 184 11 0
3.420667 675 8 0 184 11 184 11 184 11 0
3.422667 676 8 0 184 11 184 11 184 11 0
3.424667 677 8 0 184 11 184 11 184 11 0
3.425668 304 8 0 0 0 0 0 0 0 0
3.427772 305 8 0 0 0 0 0 0 0 0
3.429667 368 8 0 0 255 255 0 0 0 0
3.430667 369 8 0 0 0 0 0 0 0 0
3.432667 384 8 0 50 0 50 0 50 0 0
3.433668 688 8 0 208 57 208 57 208 57 0
3.435667 689 8 0 208 57 208 57 208 57 0
3.436668 690 8 0 208 57 208 57 208 57 0
3.437668 691 8 0 208 57 208 57 208 57 0
3.438669 704 8 0 184 11 184 11 184 11 0
3.440667 705 8 0 184 11 184 11 184 11 0
3.441667 706 8 0 184 11 184 11 184 11 0
3.44267 707 8 0 184 11 184 11 184 11 0
3.444667 708 8 0 184 11 184 11 184 11 0
3.445669 709 8 0 184 11 184 11 184 11 0
3.446669 720 8 0 208 57 208 57 208 57 0
3.448668 721 8 0 208 57 208 57 208 57 0
3.449669 722 8 0 208 57 208 57 208 57 0
3.451668 723 8 0 208 57 208 57 208 57 0
3.454669 736 8 0 184 11 184 11 184 11 0
3.45667 737 8 0 184 11 184 11 184 11 0
3.458668 738 8 0 184 11 184 11 184 11 0
3.459668 739 8 0 184 11 184 11 184 11 0
3.460669 740 8 0 184 11 184 11 184 11 0
3.462669 741 8 0 184 11 184 11 184 11 0
3.46367 752 8 0 208 57 208 57 208 57 0
3.46567 753 8 0 208 57 208 57 208 57 0
3.467786 754 8 0 208 57 208 57 208 57 0
3.469669 755 8 0 208 57 208 57 208 57 0
3.493671 272 8 7 240 0 7 0 0 0 0
3.495671 273 8 0 0 0 0 0 0 0 0
3.49767 274 8 0 0 1 0 3 1 6 0
3.49867 277 8 0 0 0 0 0 0 0 0
3.49967 278 8 0 0 0 0 0 0 0 0
3.513671 512 8 0 0 0 0 0 0 0 0
3.514671 513 8 7 0 0 0 0 0 0 0
3.515673 514 8 7 0 0 0 0 0 0 0
3.517671 515 8 7 0 0 0 0 0 0 0
3.518671 516 8 0 184 11 184 11 184 11 0
3.520671 517 8 0 184 11 184 11 184 11 0
3.521671 304 8 0 0 0 0 0 0 0 0
3.522673 305 8 0 0 0 0 0 0 0 0
3.524671 368 8 0 0 255 255 0 0 0 0
3.525673 369 8 0 0 0 0 0 0 0 0
3.527671 384 8 0 50 0 50 0 50 0 0
3.529672 528 8 1 0 50 0 50 0 50 0
3.531672 529 8 0 0 50 0 50 0 50 0
3.532672 530 8 0 0 50 0 50 0 50 0
3.533673 531 8 0 0 50 0 50 0 50 0
3.535672 544 8 0 184 11 184 11 184 11 0
3.537672 545 8 0 184 11 184 11 184 11 0
3.539672 546 8 0 184 11 184 11 184 11 0
3.540673 547 8 0 184 11 184 11 184 11 0
3.542672 548 8 0 184 11 184 11 184 11 0
3.543672 549 8 0 184 11 184 11 184 11 0
3.544673 560 8 0 208 57 208 57 208 57 0
3.546672 561 8 0 208 57 208 57 208 57 0
3.547673 562 8 0 208 57 208 57 208 57 0
3.548674 563 8 0 208 57 208 57 208 57 0
3.553673 576 8 0 184 11 184 11 184 11 0
3.554673 577 8 0 184 11 184 11 184 11 0
3.555673 578 8 0 184 11 184 11 184 11 0
3.556674 579 8 0 184 11 184 11 184 11 0
3.558673 580 8 0 184 11 184 11 184 11 0
3.559673 581 8 0 184 11 184 11 184 11 0
3.560675 592 8 0 208 57 208 57 208 57 0
3.562673 593 8 0 208 57 208 57 208 57 0
3.563673 594 8 0 208 57 208 57 208 57 0
3.564674 595 8 0 208 57 208 57 208 57 0
3.573674 608 8 0 184 11 184 11 184 11 0
3.574674 609 8 0 184 11 184 11 184 11 0
3.576674 610 8 0 184 11 184 11 184 11 0
3.578674 611 8 0 184 11 184 11 184 11 0
3.579674 612 8 0 184 11 184 11 184 11 0
3.581674 613 8 0 184 11 184 11 184 11 0
3.582675 624 8 0 208 57 208 57 208 57 0
3.584674 625 8 0 208 57 208 57 208 57 0
3.585674 626 8 0 208 57 208 57 208 57 0
3.587674 627 8 0 208 57 208 57 208 57 0
3.594675 272 8 7 240 0 7 0 0 0 0
3.596675 273 8 0 0 0 0 0 0 0 0
3.597676 274 8 0 0 1 0 3 1 6 0
3.599675 277 8 0 0 0 0 0 0 0 0
3.600675 278 8 0 0 0 0 0 0 0 0
3.601676 640 8 0 184 11 184 11 184 11 0
3.603676 641 8 0 184 11 184 11 184 11 0
3.605675 642 8 0 184 11 184 11 184 11 0
3.606676 643 8 0 184 11 184 11 184 11 0
3.607785 644 8 0 184 11 184 11 184 11 0
3.609675 645 8 0 184 11 184 11 184 11 0
3.610676 656 8 0 208 57 208 57 208 57 0
3.612675 657 8 0 208 57 208 57 208 57 0
3.613677 658 8 0 208 57 208 57 208 57 0
3.615675 659 8 0 208 57 208 57 208 57 0
3.616676 672 8 0 184 11 184 11 184 11 0
3.618676 673 8 0 184 11 184 11 184 11 0
3.619676 674 8 0 184 11 184 11 184 11 0
3.621676 675 8 0 184 11 184 11 184 11 0
3.622676 676 8 0 184 11 184 11 184 11 0
3.623677 677 8 0 184 11 184 11 184 11 0
3.625677 304 8 0 0 0 0 0 0 0 0
3.627676 305 8 0 0 0 0 0 0 0 0
3.628676 368 8 0 0 255 255 0 0 0 0
3.630677 369 8 0 0 0 0 0 0 0 0
3.631677 384 8 0 50 0 50 0 50 0 0
